[0.14253649 0.05466839 0.13723658 0.09314629 0.1745028  0.04009297
 0.13215534 0.05637485 0.10679305]
[0.17522139 0.08159359 0.08648008 0.         0.27640581 0.08471639
 0.07843773 0.09280681 0.0618442 ]
[0.0895753  0.06564686 0.28361568 0.         0.         0.0702595
 0.0919979  0.2257211  0.11068891]
[0.1628326  0.11023869 0.18570446 0.         0.         0.
 0.15084437 0.15653514 0.17134923]
[0.06117518 0.34439548 0.35883072 0.         0.         0.
 0.13794921 0.         0.03515316]
[0.44225359 0.26984257 0.         0.         0.         0.
 0.14323131 0.         0.08217553]
