[0.13148362 0.05739671 0.11591206 0.11725802 0.15078739 0.06200241
 0.14017721 0.0393406  0.12314873]
[0.07945135 0.04635992 0.25587667 0.11377984 0.         0.0818499
 0.11900199 0.08730249 0.15388383]
[0.12407404 0.13046292 0.         0.03802006 0.         0.26015186
 0.13987517 0.10335353 0.14156768]
[0.1146515  0.10716395 0.         0.29372405 0.         0.
 0.21228851 0.12523859 0.08443789]
[0.27074455 0.23720233 0.         0.         0.         0.
 0.11713179 0.22679749 0.0856276 ]
[0.1159547  0.5154539  0.         0.         0.         0.
 0.27252997 0.         0.03356443]
[0.75143323 0.         0.         0.         0.         0.
 0.12165854 0.         0.06441048]
[0.        0.        0.        0.        0.        0.        0.2265933
 0.        0.7109082]
[0.         0.         0.         0.         0.         0.
 0.93750075 0.         0.        ]
