[0.12879834 0.10835702 0.1034223  0.08636053 0.1844771  0.05407617
 0.11527364 0.0431042  0.11363747]
[0.09608131 0.07123929 0.27356632 0.08368144 0.         0.10043225
 0.10309576 0.08309197 0.12631766]
[0.22873723 0.08932431 0.         0.04298677 0.         0.25307503
 0.14171567 0.07086974 0.11079649]
[0.40084149 0.06458482 0.         0.1102552  0.         0.14310757
 0.         0.08772674 0.13098868]
[0.         0.46420618 0.         0.20087737 0.         0.15337413
 0.         0.06093497 0.0581111 ]
[0.         0.         0.         0.09818344 0.         0.06387854
 0.         0.69974528 0.07569574]
[0.         0.         0.         0.45529236 0.         0.21580743
 0.         0.         0.26640246]
[0.        0.        0.        0.7668481 0.        0.        0.
 0.        0.1706534]
[0.         0.         0.         0.         0.         0.
 0.         0.         0.93750075]
