[0.14445736 0.06256017 0.10502913 0.14089124 0.16752009 0.04032407
 0.08298482 0.08905428 0.10468559]
[0.1105981  0.12347715 0.09964854 0.08540824 0.24854613 0.05040612
 0.096531   0.         0.12289072]
[0.10131365 0.         0.14637922 0.15875802 0.24488707 0.07834306
 0.13252947 0.         0.07529477]
[0.16280799 0.         0.30621714 0.17613497 0.         0.08023526
 0.13160702 0.         0.08050212]
[0.57646959 0.         0.         0.19013071 0.         0.08777599
 0.04362386 0.         0.03950359]
[0.         0.         0.         0.12352369 0.         0.0859547
 0.15295193 0.         0.57507268]
[0.         0.         0.         0.14788443 0.         0.66396464
 0.12565318 0.         0.        ]
[0.         0.         0.         0.63962541 0.         0.
 0.29787609 0.         0.        ]
[0.         0.         0.         0.         0.         0.
 0.93750075 0.         0.        ]
