[0.20321299 0.05947326 0.12645765 0.11122354 0.14848722 0.03930769
 0.08861922 0.04490996 0.11581522]
[0.1246471  0.08065372 0.         0.11220783 0.20346367 0.07634942
 0.12484386 0.06393373 0.15140667]
[0.06876202 0.         0.         0.09697242 0.30084426 0.08618528
 0.09726342 0.1365335  0.15094435]
[0.10942525 0.         0.         0.13193682 0.35445929 0.07035554
 0.10788833 0.         0.16343928]
[0.23068226 0.         0.         0.16779169 0.31853004 0.16000545
 0.0604943  0.         0.        ]
[0.         0.         0.         0.11022574 0.64876354 0.04526152
 0.13325219 0.         0.        ]
[0.         0.         0.         0.46582184 0.         0.18406349
 0.28761692 0.         0.        ]
[0.         0.         0.         0.63770505 0.         0.
 0.29979645 0.         0.        ]
[0.         0.         0.         0.         0.         0.
 0.93750075 0.         0.        ]
