[0.20334019 0.05093769 0.10334923 0.08215137 0.18643667 0.0428517
 0.08405852 0.03661168 0.1477697 ]
[0.09224871 0.09971387 0.         0.0650777  0.21772019 0.12280406
 0.15361558 0.04709213 0.13923375]
[0.18685469 0.16033818 0.         0.09362613 0.         0.11859745
 0.16407817 0.12341648 0.09059416]
[0.38222765 0.         0.         0.09824489 0.         0.14924859
 0.08101774 0.10332041 0.12344522]
[0.         0.         0.         0.07044503 0.         0.04070568
 0.06111945 0.18729542 0.57793817]
[0.         0.         0.         0.17307294 0.         0.41038831
 0.18385903 0.17018272 0.        ]
[0.         0.         0.         0.48325251 0.         0.
 0.16674607 0.28750367 0.        ]
[0.         0.         0.         0.         0.         0.
 0.40702013 0.53048137 0.        ]
[0.         0.         0.         0.         0.         0.
 0.93750075 0.         0.        ]
