[0.15665464 0.05291514 0.1546271  0.10091494 0.16428317 0.04139389
 0.11455582 0.03417791 0.11798413]
[0.17159205 0.04505493 0.13679446 0.         0.19396206 0.0994226
 0.08651819 0.08313475 0.12102696]
[0.         0.03970061 0.11541066 0.         0.3698517  0.05946147
 0.05250644 0.14201183 0.15856255]
[0.         0.12709168 0.12312686 0.         0.         0.33577643
 0.17022221 0.11197764 0.06930967]
[0.         0.16570053 0.2631179  0.         0.         0.
 0.10862239 0.16177014 0.23829279]
[0.         0.23166639 0.         0.         0.         0.
 0.38226966 0.13729664 0.18627031]
[0.         0.12972633 0.         0.         0.         0.
 0.         0.19373185 0.61404406]
[0.         0.71730828 0.         0.         0.         0.
 0.         0.22019322 0.        ]
[0.         0.         0.         0.         0.         0.
 0.         0.93750075 0.        ]
