[0.19504079 0.0543789  0.09710751 0.14001831 0.1480242  0.05195215
 0.07396996 0.05887316 0.11814178]
[0.13190397 0.07892981 0.24279729 0.08708685 0.         0.05045013
 0.12231049 0.07887949 0.14514798]
[0.09452108 0.1576558  0.08483975 0.10470981 0.         0.17543022
 0.         0.21806562 0.10228297]
[0.14532899 0.37417483 0.13542438 0.09002594 0.         0.09560218
 0.         0.         0.09694818]
[0.14399765 0.         0.13054394 0.29554721 0.         0.20373276
 0.         0.         0.16368219]
[0.34645866 0.         0.13100061 0.         0.         0.33124085
 0.         0.         0.12880289]
[0.25594652 0.         0.48882066 0.         0.         0.
 0.         0.         0.19273506]
[0.63307066 0.         0.30443084 0.         0.         0.
 0.         0.         0.        ]
[0.         0.         0.93750075 0.         0.         0.
 0.         0.         0.        ]
