[0.14177034 0.09972215 0.10324471 0.0838436  0.17085681 0.03493572
 0.09855215 0.05156036 0.15302089]
[0.0559973  0.04855802 0.12932711 0.06710667 0.29815373 0.0823874
 0.         0.1319195  0.12405627]
[0.13405028 0.08595131 0.18140826 0.11970532 0.         0.08601855
 0.         0.16878781 0.16158373]
[0.22955757 0.14065191 0.12543314 0.08838713 0.         0.11583102
 0.         0.         0.23764373]
[0.29426669 0.11373014 0.26528827 0.19166461 0.         0.07255404
 0.         0.         0.        ]
[0.         0.33576838 0.13683694 0.2593546  0.         0.20554307
 0.         0.         0.        ]
[0.         0.29714971 0.17097738 0.         0.         0.46937516
 0.         0.         0.        ]
[0.         0.42044405 0.51705745 0.         0.         0.
 0.         0.         0.        ]
[0.         0.         0.93750075 0.         0.         0.
 0.         0.         0.        ]
