[0.1363202  0.07143845 0.10155375 0.09103406 0.14419403 0.12392285
 0.08334145 0.04535856 0.14034339]
[0.12530111 0.1129366  0.         0.07488133 0.16580174 0.06417715
 0.14488935 0.04781495 0.20170377]
[0.         0.0471643  0.         0.10941073 0.32278789 0.0521388
 0.08582349 0.06192263 0.2582574 ]
[0.         0.05559894 0.         0.12624481 0.         0.16861656
 0.30130597 0.04897408 0.23676414]
[0.         0.27097811 0.         0.27863187 0.         0.06611758
 0.         0.17598999 0.1457862 ]
[0.         0.23719291 0.         0.         0.         0.36337363
 0.         0.11161799 0.22531848]
[0.         0.24568452 0.         0.         0.         0.
 0.         0.19843024 0.4933875 ]
[0.         0.67987087 0.         0.         0.         0.
 0.         0.25763063 0.        ]
[0.         0.         0.         0.         0.         0.
 0.         0.93750075 0.        ]
