[0.1326524  0.0423161  0.11935315 0.16496752 0.16097579 0.02748914
 0.08832925 0.04801951 0.1534039 ]
[0.05125647 0.09647298 0.13137358 0.07797188 0.32343878 0.05230573
 0.         0.09322993 0.11145666]
[0.1635046  0.14526824 0.18556897 0.13040452 0.         0.07614577
 0.         0.09662605 0.13998709]
[0.14452459 0.10496309 0.24981209 0.13303529 0.         0.
 0.         0.15992779 0.14524164]
[0.         0.09515847 0.16857115 0.08962315 0.         0.
 0.         0.09705994 0.48709103]
[0.         0.0899464  0.34168645 0.13840939 0.         0.
 0.         0.36746076 0.        ]
[0.         0.35288643 0.10604608 0.47856974 0.         0.
 0.         0.         0.        ]
[0.         0.         0.62405708 0.31344442 0.         0.
 0.         0.         0.        ]
[0.         0.         0.         0.93750075 0.         0.
 0.         0.         0.        ]
