[0.15159972 0.05533566 0.10436798 0.13603949 0.21550662 0.03047479
 0.07696678 0.03688699 0.13032874]
[0.10401869 0.07383283 0.25034905 0.10264105 0.         0.06791711
 0.13866039 0.08156733 0.11851956]
[0.14058929 0.09115562 0.         0.06859748 0.         0.29083041
 0.14787286 0.0453285  0.15313108]
[0.09012809 0.12290909 0.         0.29968634 0.         0.
 0.1721488  0.1720381  0.08059407]
[0.27762569 0.18256917 0.         0.         0.         0.
 0.1467337  0.19994672 0.13062846]
[0.         0.08017087 0.         0.         0.         0.
 0.07492451 0.23685832 0.54554931]
[0.         0.24972834 0.         0.         0.         0.
 0.31430674 0.37346717 0.        ]
[0.         0.55810401 0.         0.         0.         0.
 0.37939749 0.         0.        ]
[0.         0.         0.         0.         0.         0.
 0.93750075 0.         0.        ]
