[0.12165666 0.05016799 0.15851104 0.09709635 0.18118469 0.07802197
 0.08065958 0.03403589 0.13617259]
[0.0741481  0.06917412 0.30362419 0.07793047 0.         0.02542778
 0.08646707 0.14606567 0.15466859]
[0.15461899 0.14924826 0.         0.04481415 0.         0.2919245
 0.11799795 0.09433429 0.08456711]
[0.05092997 0.         0.         0.13563587 0.         0.03148355
 0.06874041 0.55695406 0.09376065]
[0.16454207 0.         0.         0.14895662 0.         0.25112751
 0.24060785 0.         0.1322697 ]
[0.11522809 0.         0.         0.47733783 0.         0.
 0.24775338 0.         0.0971837 ]
[0.46780802 0.         0.         0.         0.         0.
 0.38584551 0.         0.08384873]
[0.         0.         0.         0.         0.         0.
 0.29548848 0.         0.64201302]
[0.         0.         0.         0.         0.         0.
 0.93750075 0.         0.        ]
