[0.14673166 0.0862519  0.10214389 0.10584876 0.15695084 0.02612777
 0.13562173 0.06489087 0.11293932]
[0.10238259 0.0779601  0.         0.08916473 0.18467887 0.04505701
 0.14512729 0.07467757 0.21845784]
[0.24372152 0.04142154 0.         0.         0.20636369 0.10449013
 0.10713198 0.07950689 0.1548695 ]
[0.04836206 0.09727001 0.         0.         0.34688803 0.
 0.13805806 0.06391468 0.24301166]
[0.40277435 0.07401514 0.         0.         0.16619755 0.
 0.19000671 0.10450999 0.        ]
[0.08798304 0.11468383 0.         0.         0.         0.
 0.51595679 0.21887934 0.        ]
[0.26766916 0.18373334 0.         0.         0.         0.
 0.         0.48609974 0.        ]
[0.26457658 0.67292492 0.         0.         0.         0.
 0.         0.         0.        ]
[0.93750075 0.         0.         0.         0.         0.
 0.         0.         0.        ]
