[0.14528855 0.05776414 0.12866915 0.09646602 0.15176655 0.08753646
 0.09038151 0.05483021 0.12480417]
[0.10043567 0.05880222 0.28192472 0.08774195 0.         0.03337256
 0.14976929 0.11307275 0.11238685]
[0.19665071 0.09323595 0.         0.04373697 0.         0.26753927
 0.15731872 0.10897941 0.07004422]
[0.         0.0626778  0.         0.12337173 0.         0.04997812
 0.10115183 0.12520477 0.47512024]
[0.         0.11707562 0.         0.08075854 0.         0.49148849
 0.12189511 0.12628599 0.        ]
[0.         0.1191682  0.         0.38027026 0.         0.
 0.21236123 0.22570331 0.        ]
[0.         0.136098   0.         0.         0.         0.
 0.35197726 0.44942699 0.        ]
[0.         0.16190559 0.         0.         0.         0.
 0.         0.77559591 0.        ]
[0.         0.93750075 0.         0.         0.         0.
 0.         0.         0.        ]
