[0.13019859 0.07748936 0.09918377 0.12211956 0.16934012 0.09122015
 0.09086423 0.05370574 0.10338524]
[0.09805326 0.06767203 0.26337445 0.1168266  0.         0.09671964
 0.09828668 0.11519593 0.08137741]
[0.15461474 0.05980269 0.11306952 0.         0.         0.10147914
 0.15281182 0.29025511 0.06547222]
[0.08831576 0.27858248 0.19447134 0.         0.         0.10949405
 0.22473014 0.         0.04191072]
[0.51131535 0.         0.09358112 0.         0.         0.1011698
 0.13223718 0.         0.09920029]
[0.         0.         0.3162846  0.         0.         0.10260485
 0.17451284 0.         0.34410072]
[0.         0.         0.2853722  0.         0.         0.3448074
 0.30732265 0.         0.        ]
[0.         0.         0.81946782 0.         0.         0.11803368
 0.         0.         0.        ]
[0.         0.         0.         0.         0.         0.93750075
 0.         0.         0.        ]
