[0.15500624 0.06145186 0.09745936 0.12704603 0.13790728 0.07331135
 0.10592113 0.03265815 0.14674536]
[0.         0.11591254 0.1468908  0.13283782 0.17994839 0.04875666
 0.09236266 0.09042137 0.13037576]
[0.         0.05320963 0.         0.08259886 0.19235831 0.07543483
 0.15416619 0.0273669  0.35237053]
[0.         0.05431379 0.         0.15613151 0.34565134 0.07018487
 0.20354572 0.10767728 0.        ]
[0.         0.03684508 0.         0.12053266 0.         0.0835407
 0.65270477 0.04388055 0.        ]
[0.         0.20307426 0.         0.28033494 0.         0.12104814
 0.         0.33304565 0.        ]
[0.         0.19668103 0.         0.         0.         0.19388045
 0.         0.54694077 0.        ]
