[0.17384518 0.06331171 0.09362034 0.09408646 0.14604959 0.04373346
 0.07840132 0.0769772  0.16748148]
[0.10231658 0.08524554 0.17151876 0.07766608 0.19154306 0.03726008
 0.         0.12209524 0.14986066]
[0.2059789  0.0613086  0.         0.16157215 0.13943885 0.05184052
 0.         0.08364038 0.23372587]
[0.         0.08321423 0.         0.16173942 0.24196903 0.05190238
 0.         0.18500704 0.2136724 ]
[0.         0.18088574 0.         0.23346997 0.21993354 0.05486106
 0.         0.         0.24835344]
[0.         0.19957757 0.         0.30496551 0.27934902 0.1536109
 0.         0.         0.        ]
[0.         0.33164047 0.         0.39047706 0.         0.21538472
 0.         0.         0.        ]
