[0.2675542  0.06455704 0.1274926  0.11162783 0.11517204 0.02988855
 0.09612886 0.03179533 0.0932903 ]
[0.15838027 0.07209782 0.11540036 0.12527245 0.14016053 0.08045419
 0.         0.11498717 0.13075321]
[0.26745472 0.07054377 0.         0.16987258 0.08076968 0.02649892
 0.         0.10081787 0.22154771]
[0.         0.09620221 0.         0.33079708 0.16666375 0.07405394
 0.         0.16536055 0.10442697]
[0.         0.10002258 0.         0.         0.18491597 0.14766169
 0.         0.11372944 0.39117407]
[0.         0.19950329 0.         0.         0.30252899 0.10366503
 0.         0.33180569 0.        ]
[0.         0.24463754 0.         0.         0.50304908 0.18981563
 0.         0.         0.        ]
