[0.18189874 0.07267975 0.13663227 0.10372752 0.15071007 0.03161123
 0.09302999 0.05020747 0.11700972]
[0.14015698 0.         0.09917852 0.12944173 0.15880523 0.03469317
 0.08083993 0.06751339 0.22687706]
[0.         0.         0.14841974 0.09278522 0.2890769  0.08302775
 0.08335096 0.11250586 0.12833883]
[0.         0.         0.16038989 0.12912083 0.         0.0847739
 0.19372794 0.28374917 0.08574278]
[0.         0.         0.10482604 0.21983023 0.         0.11977111
 0.31372149 0.         0.17935488]
[0.         0.         0.43344906 0.17700114 0.         0.07770126
 0.         0.         0.24935154]
[0.         0.         0.37106282 0.20489846 0.         0.36154096
 0.         0.         0.        ]
[0.         0.         0.41238338 0.52511812 0.         0.
 0.         0.         0.        ]
[0.         0.         0.93750075 0.         0.         0.
 0.         0.         0.        ]
