[0.16593322 0.06904219 0.11025158 0.10591353 0.20200994 0.03983128
 0.09009467 0.03569372 0.11873664]
[0.         0.12027171 0.14152977 0.08022816 0.22677659 0.09919815
 0.07564199 0.06900528 0.12485435]
[0.         0.0589276  0.         0.12749654 0.18083633 0.04169306
 0.18874271 0.08250223 0.25730678]
[0.         0.10568829 0.         0.13571097 0.31771027 0.0721955
 0.20862008 0.09757939 0.        ]
[0.         0.08933983 0.         0.09975489 0.50518131 0.14804065
 0.         0.09518708 0.        ]
