[0.22057879 0.04432394 0.14144036 0.14451396 0.08370189 0.04957608
 0.12518449 0.02786322 0.10032402]
[0.         0.07552032 0.11284217 0.17223651 0.16822016 0.04571842
 0.11529743 0.09663967 0.15103134]
[0.         0.05222263 0.10774774 0.12272476 0.25782123 0.05149405
 0.         0.15644666 0.18904817]
[0.         0.05419593 0.27035591 0.29447555 0.13718435 0.08318007
 0.         0.0981127  0.        ]
[0.         0.08069859 0.3003072  0.22498901 0.         0.13597942
 0.         0.19552953 0.        ]
[0.         0.08125506 0.         0.43132145 0.         0.36009967
 0.         0.06482682 0.        ]
[0.         0.14747658 0.         0.59272451 0.         0.
 0.         0.19730115 0.        ]
