[0.13054821 0.09076491 0.10400622 0.09718996 0.15474307 0.05824005
 0.09544962 0.07878061 0.12778411]
[0.19549654 0.09005283 0.13895994 0.12198803 0.14246445 0.09721153
 0.06093927 0.09039342 0.        ]
[0.08798801 0.11870265 0.         0.17238073 0.21236949 0.09287604
 0.16614564 0.0870427  0.        ]
[0.20820286 0.06505952 0.         0.08904918 0.29636241 0.1581181
 0.         0.12071243 0.        ]
[0.         0.14758463 0.         0.20721875 0.36210069 0.05153274
 0.         0.16906695 0.        ]
