[0.23669062 0.05001798 0.12059396 0.15282425 0.09272341 0.04205981
 0.06172566 0.07111476 0.10975631]
[0.         0.073662   0.17585854 0.14685669 0.13937017 0.08326297
 0.07616587 0.11772905 0.1246007 ]
[0.         0.05508215 0.         0.12868035 0.11889244 0.06356087
 0.14606456 0.13812898 0.2870959 ]
[0.         0.04831837 0.         0.27506897 0.25104955 0.06064886
 0.15224275 0.150176   0.        ]
[0.         0.1314312  0.         0.11067494 0.         0.08349181
 0.53401832 0.07788747 0.        ]
[0.         0.07644318 0.         0.60181442 0.         0.0998304
 0.         0.159415   0.        ]
[0.         0.09359807 0.         0.         0.         0.27909258
 0.         0.5648116  0.        ]
