[0.13688744 0.05002268 0.11271405 0.08974246 0.21292015 0.09858813
 0.08000248 0.04341517 0.11321419]
[0.22330036 0.13175843 0.15721987 0.11630423 0.14889564 0.05308097
 0.05727699 0.04966951 0.        ]
[0.11323181 0.11746251 0.22755305 0.10668747 0.         0.09592468
 0.18436665 0.09227909 0.        ]
[0.17185979 0.05244711 0.08191394 0.09998804 0.         0.16828291
 0.         0.36301272 0.        ]
[0.15919296 0.09444519 0.08485412 0.         0.         0.24861076
 0.         0.35040073 0.        ]
