[0.15318196 0.0575968  0.11717477 0.10591911 0.12738287 0.08041362
 0.0851278  0.0497054  0.16100443]
[0.         0.06833121 0.14921908 0.11148916 0.16462915 0.05503101
 0.15018025 0.10905586 0.12957029]
[0.         0.06697254 0.14291174 0.15197223 0.16996786 0.1087908
 0.15764341 0.13924668 0.        ]
[0.         0.07591086 0.15880167 0.18757593 0.20705577 0.04645811
 0.         0.26170215 0.        ]
[0.         0.13113491 0.27892748 0.3239987  0.         0.12525461
 0.         0.07818804 0.        ]
