[0.24466832 0.04487885 0.16544672 0.10951932 0.0979736  0.06256842
 0.05534749 0.03081556 0.12628848]
[0.         0.09171286 0.14077535 0.16586887 0.16021369 0.04064081
 0.0730572  0.0924595  0.17277771]
[0.         0.06091771 0.20874701 0.18694611 0.19978083 0.02703356
 0.12994165 0.         0.12413839]
[0.         0.06948937 0.         0.20612971 0.27055699 0.03363673
 0.14709583 0.         0.21059586]
[0.         0.12182004 0.         0.23648841 0.30341682 0.10738164
 0.         0.         0.16839683]
