[0.         0.16721852 0.06353008 0.11306977 0.         0.27178184
 0.0364671  0.28543719 0.        ]
[0.         0.55358385 0.08146697 0.15034308 0.         0.10091313
 0.05119671 0.         0.        ]
[0.         0.         0.62945635 0.09248931 0.         0.10694529
 0.10861204 0.         0.        ]
[0.         0.         0.         0.07143065 0.         0.26996432
 0.59610728 0.         0.        ]
[0.         0.         0.         0.44023744 0.         0.
 0.49726406 0.         0.        ]
