[0.         0.1295132  0.04286667 0.19103325 0.         0.17821084
 0.08132281 0.31455774 0.        ]
[0.         0.5653     0.16601846 0.04441965 0.         0.10065259
 0.06111304 0.         0.        ]
[0.         0.         0.68408378 0.05157041 0.         0.0972119
 0.10463691 0.         0.        ]
[0.         0.         0.         0.095463   0.         0.15514868
 0.68689057 0.         0.        ]
[0.         0.         0.         0.75564562 0.         0.18185588
 0.         0.         0.        ]
[0.         0.         0.         0.         0.         0.93750075
 0.         0.         0.        ]
