[0.         0.09978563 0.04059775 0.14665204 0.         0.22853263
 0.12093483 0.30100161 0.        ]
[0.         0.         0.09237664 0.05476526 0.         0.07477711
 0.06820232 0.64738241 0.        ]
[0.         0.         0.16627383 0.08055048 0.         0.17746944
 0.51320924 0.         0.        ]
[0.         0.         0.69170948 0.07733291 0.         0.16845985
 0.         0.         0.        ]
[0.        0.        0.        0.0585274 0.        0.8789741 0.
 0.        0.       ]
[0.         0.         0.         0.93750075 0.         0.
 0.         0.         0.        ]
