[0.         0.41401516 0.07074054 0.09783246 0.         0.20319242
 0.0391164  0.11260752 0.        ]
[0.         0.         0.0609283  0.05899552 0.         0.02354133
 0.17638914 0.61764946 0.        ]
[0.         0.         0.12777755 0.05970193 0.         0.09946312
 0.65056041 0.         0.        ]
[0.         0.         0.73179059 0.14163038 0.         0.06408128
 0.         0.         0.        ]
[0.         0.         0.         0.09306448 0.         0.84443702
 0.         0.         0.        ]
[0.         0.         0.         0.93750075 0.         0.
 0.         0.         0.        ]
