[0.         0.25110178 0.16798776 0.08093897 0.         0.24749335
 0.03234547 0.15763716 0.        ]
[0.         0.57596136 0.08003882 0.12511316 0.         0.08431161
 0.07207879 0.         0.        ]
[0.         0.         0.63434258 0.14965381 0.         0.06563312
 0.08787349 0.         0.        ]
[0.         0.         0.         0.06720766 0.         0.20272209
 0.6675725  0.         0.        ]
[0.        0.        0.        0.7267112 0.        0.2107903 0.
 0.        0.       ]
[0.         0.         0.         0.         0.         0.93750075
 0.         0.         0.        ]
