[0.         0.1642729  0.08575477 0.13908134 0.         0.21614748
 0.10434591 0.2279021  0.        ]
[0.         0.0535658  0.1934899  0.         0.         0.51313952
 0.06517442 0.11213411 0.        ]
[0.         0.03184249 0.62507303 0.         0.         0.
 0.13538554 0.14520195 0.        ]
[0.         0.14635103 0.         0.         0.         0.
 0.70542152 0.0857297  0.        ]
[0.         0.11873615 0.         0.         0.         0.
 0.         0.81876535 0.        ]
[0.         0.93750075 0.         0.         0.         0.
 0.         0.         0.        ]
