[0.         0.25556365 0.09024505 0.15189267 0.         0.24698099
 0.03322113 0.15960101 0.        ]
[0.         0.54642192 0.12131211 0.08890143 0.         0.08702294
 0.09384536 0.         0.        ]
[0.         0.         0.62040453 0.17270132 0.         0.05712006
 0.08727709 0.         0.        ]
[0.         0.         0.         0.1786407  0.         0.20497371
 0.55388784 0.         0.        ]
[0.         0.         0.         0.71228504 0.         0.22521646
 0.         0.         0.        ]
[0.         0.         0.         0.         0.         0.93750075
 0.         0.         0.        ]
