[0.         0.25879732 0.04708665 0.13365614 0.         0.21916901
 0.13673337 0.142062   0.        ]
[0.         0.06680706 0.07982491 0.525181   0.         0.
 0.1960851  0.06960568 0.        ]
[0.         0.0818572  0.17162791 0.         0.         0.
 0.56893919 0.1150787  0.        ]
[0.         0.1657076  0.68346381 0.         0.         0.
 0.         0.08833084 0.        ]
[0.         0.73327659 0.         0.         0.         0.
 0.         0.20422491 0.        ]
[0.         0.         0.         0.         0.         0.
 0.         0.93750075 0.        ]
