[0.         0.30641847 0.05132492 0.06310371 0.         0.29772192
 0.04417775 0.17475772 0.        ]
[0.         0.08305995 0.1209973  0.56178739 0.         0.
 0.11405178 0.05760733 0.        ]
[0.         0.10334076 0.10780856 0.         0.         0.
 0.57665182 0.14970186 0.        ]
[0.         0.07820843 0.78640063 0.         0.         0.
 0.         0.07289319 0.        ]
[0.         0.83898565 0.         0.         0.         0.
 0.         0.09851585 0.        ]
[0.         0.         0.         0.         0.         0.
 0.         0.93750075 0.        ]
