[0.         0.1821309  0.08001097 0.14384493 0.         0.2886211
 0.08059187 0.16230472 0.        ]
[0.         0.068434   0.04843601 0.60023101 0.         0.
 0.13026503 0.0901377  0.        ]
[0.         0.18534917 0.0572269  0.         0.         0.
 0.6486295  0.04629743 0.        ]
[0.         0.10402514 0.71065824 0.         0.         0.
 0.         0.12281886 0.        ]
[0.         0.87873783 0.         0.         0.         0.
 0.         0.05876367 0.        ]
[0.         0.         0.         0.         0.         0.
 0.         0.93750075 0.        ]
