[0.         0.21767838 0.11252525 0.21911872 0.         0.22110947
 0.04587068 0.12120199 0.        ]
[0.         0.0410077  0.10771707 0.         0.         0.58242822
 0.07183826 0.13451251 0.        ]
[0.         0.05101503 0.65523941 0.         0.         0.
 0.08922456 0.14202401 0.        ]
[0.         0.17743388 0.         0.         0.         0.
 0.71524301 0.04482536 0.        ]
[0.         0.21772888 0.         0.         0.         0.
 0.         0.71977262 0.        ]
[0.         0.93750075 0.         0.         0.         0.
 0.         0.         0.        ]
