[0.         0.22735885 0.1271665  0.18808562 0.         0.28615674
 0.04629442 0.06244238 0.        ]
[0.         0.         0.22470774 0.10586355 0.         0.06412115
 0.06836044 0.47445087 0.        ]
[0.         0.         0.17550469 0.18012347 0.         0.0924381
 0.48943675 0.         0.        ]
[0.         0.         0.80984533 0.0574742  0.         0.07018272
 0.         0.         0.        ]
[0.         0.         0.         0.34408852 0.         0.59341298
 0.         0.         0.        ]
[0.         0.         0.         0.93750075 0.         0.
 0.         0.         0.        ]
