[0.         0.21890874 0.08455555 0.14049411 0.         0.2345925
 0.06160295 0.19735066 0.        ]
[0.         0.58597701 0.09293954 0.09991358 0.         0.05345747
 0.10521614 0.         0.        ]
[0.         0.         0.54713434 0.11002867 0.         0.13113622
 0.14920377 0.         0.        ]
[0.         0.         0.         0.11412139 0.         0.18198862
 0.64139224 0.         0.        ]
[0.         0.         0.         0.68622342 0.         0.25127808
 0.         0.         0.        ]
[0.         0.         0.         0.         0.         0.93750075
 0.         0.         0.        ]
