[0.         0.27121365 0.08442656 0.10125037 0.         0.24901347
 0.04006756 0.19153289 0.        ]
[0.         0.         0.05606412 0.09456229 0.         0.03412986
 0.09015746 0.66259001 0.        ]
[0.         0.         0.10913629 0.05815497 0.         0.08685627
 0.68335547 0.         0.        ]
[0.         0.         0.7463701  0.14014376 0.         0.05098839
 0.         0.         0.        ]
[0.         0.         0.         0.25441016 0.         0.68309134
 0.         0.         0.        ]
[0.         0.         0.         0.93750075 0.         0.
 0.         0.         0.        ]
