[0.         0.17864274 0.08111107 0.09422188 0.         0.39102038
 0.04413528 0.14837315 0.        ]
[0.         0.10189888 0.05687545 0.56370537 0.         0.
 0.11691534 0.09810871 0.        ]
[0.         0.07369782 0.10307484 0.         0.         0.
 0.69395264 0.0667777  0.        ]
[0.         0.10913062 0.6396737  0.         0.         0.
 0.         0.18869793 0.        ]
[0.         0.86414205 0.         0.         0.         0.
 0.         0.07335945 0.        ]
[0.         0.         0.         0.         0.         0.
 0.         0.93750075 0.        ]
