[0.         0.13790634 0.0477163  0.10999516 0.         0.17820552
 0.09111012 0.37257107 0.        ]
[0.         0.58609051 0.18826012 0.05778195 0.         0.03119489
 0.07417628 0.         0.        ]
[0.         0.         0.64229122 0.06392205 0.         0.07870029
 0.15258943 0.         0.        ]
[0.         0.         0.         0.06494995 0.         0.21559105
 0.65696125 0.         0.        ]
[0.         0.         0.         0.72598061 0.         0.21152089
 0.         0.         0.        ]
[0.         0.         0.         0.         0.         0.93750075
 0.         0.         0.        ]
