[0.         0.2029123  0.1486551  0.10932622 0.         0.22564851
 0.05768929 0.19327309 0.        ]
[0.         0.         0.14757121 0.15941742 0.         0.04911101
 0.05666715 0.52473696 0.        ]
[0.         0.         0.09121    0.07020604 0.         0.17495748
 0.60112948 0.         0.        ]
[0.         0.         0.69206072 0.19190665 0.         0.05353489
 0.         0.         0.        ]
[0.        0.        0.        0.1122051 0.        0.8252964 0.
 0.        0.       ]
[0.         0.         0.         0.93750075 0.         0.
 0.         0.         0.        ]
