[0.         0.27523831 0.07308911 0.22931855 0.         0.20218383
 0.04283137 0.11484334 0.        ]
[0.         0.         0.14963467 0.13805416 0.         0.0444402
 0.14312517 0.46224955 0.        ]
[0.         0.         0.0645738  0.18697502 0.         0.22786576
 0.45808843 0.         0.        ]
[0.         0.         0.6247739  0.1227641  0.         0.18996425
 0.         0.         0.        ]
[0.         0.         0.         0.30639085 0.         0.63111065
 0.         0.         0.        ]
[0.         0.         0.         0.93750075 0.         0.
 0.         0.         0.        ]
