[0.         0.20622456 0.0782869  0.28027575 0.         0.22537654
 0.03848563 0.10885513 0.        ]
[0.         0.0372937  0.1228158  0.         0.         0.56322794
 0.07237717 0.14178914 0.        ]
[0.         0.07032223 0.61259778 0.         0.         0.
 0.15160376 0.10297923 0.        ]
[0.         0.20843477 0.         0.         0.         0.
 0.68846808 0.0405994  0.        ]
[0.         0.16535879 0.         0.         0.         0.
 0.         0.77214271 0.        ]
[0.         0.93750075 0.         0.         0.         0.
 0.         0.         0.        ]
