[0.         0.1292712  0.06581512 0.20944319 0.         0.27810247
 0.09613358 0.15873894 0.        ]
[0.         0.12003804 0.03805684 0.6017705  0.         0.
 0.11776805 0.05987032 0.        ]
[0.         0.0481894  0.07505714 0.         0.         0.
 0.62932063 0.18493584 0.        ]
[0.         0.11101224 0.63420657 0.         0.         0.
 0.         0.19228345 0.        ]
[0.         0.79472758 0.         0.         0.         0.
 0.         0.14277392 0.        ]
[0.         0.         0.         0.         0.         0.
 0.         0.93750075 0.        ]
