[0.         0.15070599 0.09369382 0.0850452  0.         0.27313664
 0.05696223 0.27796062 0.        ]
[0.         0.11765462 0.05702895 0.57480876 0.         0.
 0.08068961 0.10732182 0.        ]
[0.         0.1378943  0.08193881 0.         0.         0.
 0.59404623 0.12362366 0.        ]
[0.         0.08686067 0.67189242 0.         0.         0.
 0.         0.17874916 0.        ]
[0.         0.74167618 0.         0.         0.         0.
 0.         0.19582532 0.        ]
[0.         0.         0.         0.         0.         0.
 0.         0.93750075 0.        ]
