[0.         0.10495691 0.11052201 0.15752203 0.         0.23377356
 0.05664128 0.27408872 0.        ]
[0.         0.56648037 0.12022965 0.14507606 0.         0.0413203
 0.06439736 0.         0.        ]
[0.         0.         0.62964328 0.07871756 0.         0.05869214
 0.17045003 0.         0.        ]
[0.         0.         0.         0.08524597 0.         0.25352436
 0.59873192 0.         0.        ]
[0.         0.         0.         0.80563057 0.         0.13187093
 0.         0.         0.        ]
[0.         0.         0.         0.         0.         0.93750075
 0.         0.         0.        ]
