[0.         0.23337756 0.10058494 0.11430846 0.         0.28144434
 0.06814082 0.13964838 0.        ]
[0.         0.02748087 0.17960638 0.         0.         0.56227575
 0.07725377 0.09088698 0.        ]
[0.         0.05594468 0.39781646 0.         0.         0.
 0.11764573 0.36609613 0.        ]
[0.         0.10813199 0.         0.         0.         0.
 0.61597777 0.21339249 0.        ]
[0.         0.19778024 0.         0.         0.         0.
 0.         0.73972126 0.        ]
[0.         0.93750075 0.         0.         0.         0.
 0.         0.         0.        ]
