[0.         0.37775095 0.059045   0.09831902 0.         0.20556701
 0.07050766 0.12631486 0.        ]
[0.         0.         0.0685237  0.09367274 0.         0.08442732
 0.06094985 0.62993014 0.        ]
[0.         0.         0.13162107 0.08603179 0.         0.06271319
 0.65713695 0.         0.        ]
[0.         0.         0.69798557 0.10187415 0.         0.13764253
 0.         0.         0.        ]
[0.         0.         0.         0.16729475 0.         0.77020675
 0.         0.         0.        ]
[0.         0.         0.         0.93750075 0.         0.
 0.         0.         0.        ]
