[0.         0.20071159 0.05584345 0.1492088  0.         0.31043935
 0.07418402 0.1471173  0.        ]
[0.         0.10236425 0.12607708 0.49986006 0.         0.
 0.05858965 0.15061271 0.        ]
[0.         0.10276654 0.07177944 0.         0.         0.
 0.65388148 0.10907555 0.        ]
[0.         0.10036348 0.71537175 0.         0.         0.
 0.         0.12176702 0.        ]
[0.         0.86722537 0.         0.         0.         0.
 0.         0.07027613 0.        ]
[0.         0.         0.         0.         0.         0.
 0.         0.93750075 0.        ]
