[0.         0.16331068 0.07194873 0.1858107  0.         0.20062269
 0.04661694 0.26919476 0.        ]
[0.         0.60077873 0.1111801  0.07748913 0.         0.07030725
 0.07774854 0.         0.        ]
[0.         0.         0.61745564 0.05222778 0.         0.13798964
 0.12982994 0.         0.        ]
[0.         0.         0.         0.23009802 0.         0.14163948
 0.56576475 0.         0.        ]
[0.         0.         0.         0.86483501 0.         0.07266649
 0.         0.         0.        ]
[0.         0.         0.         0.         0.         0.93750075
 0.         0.         0.        ]
