[0.         0.20176874 0.08154739 0.12526841 0.         0.29556475
 0.03158369 0.20177153 0.        ]
[0.         0.58051975 0.16588756 0.07964007 0.         0.06676358
 0.04469278 0.         0.        ]
[0.         0.         0.63224471 0.05256689 0.         0.11532632
 0.13736508 0.         0.        ]
[0.         0.         0.         0.13556864 0.         0.17076458
 0.63116903 0.         0.        ]
[0.         0.         0.         0.84265021 0.         0.09485129
 0.         0.         0.        ]
[0.         0.         0.         0.         0.         0.93750075
 0.         0.         0.        ]
