[0.         0.2219781  0.06512647 0.1983922  0.         0.27604977
 0.06285895 0.11309901 0.        ]
[0.         0.11197884 0.06664318 0.6625249  0.         0.
 0.05535953 0.04099731 0.        ]
[0.         0.07757586 0.10772305 0.         0.         0.
 0.64340571 0.10879837 0.        ]
[0.         0.13496394 0.70793947 0.         0.         0.
 0.         0.09459884 0.        ]
[0.         0.86724349 0.         0.         0.         0.
 0.         0.07025801 0.        ]
[0.         0.         0.         0.         0.         0.
 0.         0.93750075 0.        ]
