[0.         0.19006678 0.09409032 0.18631415 0.         0.30688015
 0.05572796 0.10442514 0.        ]
[0.         0.         0.12051849 0.08656374 0.         0.05969518
 0.13016737 0.54055898 0.        ]
[0.         0.         0.08862171 0.14160039 0.         0.17596223
 0.53131867 0.         0.        ]
[0.         0.         0.7642544  0.06955659 0.         0.10369126
 0.         0.         0.        ]
[0.         0.         0.         0.21940589 0.         0.71809561
 0.         0.         0.        ]
[0.         0.         0.         0.93750075 0.         0.
 0.         0.         0.        ]
