[0.         0.34313272 0.04207785 0.08917727 0.         0.20207642
 0.06221936 0.19882087 0.        ]
[0.         0.18179109 0.08778068 0.52710411 0.         0.
 0.09191829 0.04890958 0.        ]
[0.         0.11471763 0.09624236 0.         0.         0.
 0.67800416 0.04853885 0.        ]
[0.         0.15210113 0.71628915 0.         0.         0.
 0.         0.06911198 0.        ]
[0.        0.8273105 0.        0.        0.        0.        0.
 0.110191  0.       ]
[0.         0.         0.         0.         0.         0.
 0.         0.93750075 0.        ]
