[0.         0.22472305 0.12213151 0.20134331 0.         0.16763977
 0.14810875 0.07355811 0.        ]
[0.         0.         0.17317673 0.11690338 0.         0.1051489
 0.14240889 0.39986585 0.        ]
[0.         0.         0.12709963 0.14648027 0.         0.15625878
 0.50766431 0.         0.        ]
[0.         0.         0.53875899 0.22480117 0.         0.17394209
 0.         0.         0.        ]
[0.         0.         0.         0.21280603 0.         0.72469547
 0.         0.         0.        ]
[0.         0.         0.         0.93750075 0.         0.
 0.         0.         0.        ]
