[0.         0.2070289  0.07574225 0.15331171 0.         0.26399373
 0.15203975 0.08538816 0.        ]
[0.         0.04532757 0.03255448 0.67612077 0.         0.
 0.07813118 0.10536975 0.        ]
[0.         0.05180382 0.07374943 0.         0.         0.
 0.73948081 0.07246894 0.        ]
[0.         0.12368395 0.67476353 0.         0.         0.
 0.         0.13905476 0.        ]
[0.         0.73405279 0.         0.         0.         0.
 0.         0.20344871 0.        ]
[0.         0.         0.         0.         0.         0.
 0.         0.93750075 0.        ]
