[0.         0.29303393 0.06254332 0.07423469 0.         0.2411652
 0.09544319 0.17108416 0.        ]
[0.         0.         0.08611527 0.07989232 0.         0.03499357
 0.0468096  0.68969298 0.        ]
[0.         0.         0.0925742  0.12442123 0.         0.10311276
 0.61739482 0.         0.        ]
[0.         0.         0.77089733 0.10471361 0.         0.06189131
 0.         0.         0.        ]
[0.         0.         0.         0.28685657 0.         0.65064493
 0.         0.         0.        ]
[0.         0.         0.         0.93750075 0.         0.
 0.         0.         0.        ]
