[0.         0.17265062 0.05561202 0.10533468 0.         0.31668048
 0.07394267 0.21328402 0.        ]
[0.         0.09178689 0.04319121 0.67026329 0.         0.
 0.06809212 0.06417024 0.        ]
[0.         0.08353227 0.09096208 0.         0.         0.
 0.70436277 0.05864587 0.        ]
[0.         0.13834027 0.71590611 0.         0.         0.
 0.         0.08325587 0.        ]
[0.        0.7900457 0.        0.        0.        0.        0.
 0.1474558 0.       ]
[0.         0.         0.         0.         0.         0.
 0.         0.93750075 0.        ]
