[0.         0.24457278 0.07960719 0.19624475 0.         0.19669196
 0.07573406 0.14465376 0.        ]
[0.         0.         0.08522156 0.09767825 0.         0.05580979
 0.07275078 0.62604337 0.        ]
[0.         0.         0.21858926 0.10028199 0.         0.0995356
 0.51909614 0.         0.        ]
[0.         0.         0.74422771 0.07160574 0.         0.12166879
 0.         0.         0.        ]
[0.        0.        0.        0.1985979 0.        0.7389036 0.
 0.        0.       ]
[0.         0.         0.         0.93750075 0.         0.
 0.         0.         0.        ]
