[0.         0.40333898 0.06839734 0.11887905 0.         0.18104955
 0.08313918 0.0827004  0.        ]
[0.         0.10218071 0.14526663 0.52985488 0.         0.
 0.08597342 0.07422811 0.        ]
[0.         0.13187105 0.20911664 0.         0.         0.
 0.51356049 0.08295482 0.        ]
[0.         0.06305842 0.8216405  0.         0.         0.
 0.         0.05280333 0.        ]
[0.        0.8519766 0.        0.        0.        0.        0.
 0.0855249 0.       ]
[0.         0.         0.         0.         0.         0.
 0.         0.93750075 0.        ]
