[0.         0.32014854 0.03813824 0.0898106  0.         0.30051302
 0.05045094 0.13844315 0.        ]
[0.         0.14753655 0.11165693 0.55253725 0.         0.
 0.068882   0.05689102 0.        ]
[0.         0.20884336 0.1218826  0.         0.         0.
 0.54842242 0.05835461 0.        ]
[0.         0.11546463 0.76744172 0.         0.         0.
 0.         0.0545959  0.        ]
[0.         0.75064345 0.         0.         0.         0.
 0.         0.18685805 0.        ]
[0.         0.         0.         0.         0.         0.
 0.         0.93750075 0.        ]
