[0.         0.14603334 0.07306499 0.15406362 0.         0.18738489
 0.0654924  0.31146527 0.        ]
[0.         0.53000256 0.12324248 0.1449234  0.         0.0721367
 0.06719861 0.         0.        ]
[0.         0.         0.63303375 0.16928413 0.         0.06773638
 0.06744874 0.         0.        ]
[0.         0.         0.         0.12699495 0.         0.14426086
 0.66624644 0.         0.        ]
[0.         0.         0.         0.78362026 0.         0.15388124
 0.         0.         0.        ]
[0.         0.         0.         0.         0.         0.93750075
 0.         0.         0.        ]
