[0.         0.17385966 0.0510611  0.10394983 0.         0.35829114
 0.06035987 0.1899829  0.        ]
[0.         0.12025954 0.17226976 0.44018689 0.         0.
 0.121104   0.08368355 0.        ]
[0.         0.17405523 0.10329809 0.         0.         0.
 0.6005569  0.05959279 0.        ]
[0.         0.14415587 0.69358897 0.         0.         0.
 0.         0.09975742 0.        ]
[0.         0.87023642 0.         0.         0.         0.
 0.         0.06726508 0.        ]
[0.         0.         0.         0.         0.         0.
 0.         0.93750075 0.        ]
