[0.         0.35508251 0.10217071 0.06524595 0.         0.20629589
 0.0953397  0.11336974 0.        ]
[0.         0.         0.12986736 0.08052863 0.         0.03821613
 0.10660853 0.5822831  0.        ]
[0.         0.         0.09493017 0.14357165 0.         0.1202495
 0.57875167 0.         0.        ]
[0.         0.         0.79842675 0.06101131 0.         0.07806418
 0.         0.         0.        ]
[0.         0.         0.         0.22871674 0.         0.70878476
 0.         0.         0.        ]
[0.         0.         0.         0.93750075 0.         0.
 0.         0.         0.        ]
