[0.         0.1878084  0.03629396 0.10694166 0.         0.42115511
 0.07760254 0.10770283 0.        ]
[0.         0.12728317 0.05816929 0.55030537 0.         0.
 0.08825198 0.11349394 0.        ]
[0.         0.12355343 0.13922203 0.         0.         0.
 0.58908128 0.08564627 0.        ]
[0.         0.08216301 0.69448034 0.         0.         0.
 0.         0.1608589  0.        ]
[0.         0.77378256 0.         0.         0.         0.
 0.         0.16371894 0.        ]
[0.         0.         0.         0.         0.         0.
 0.         0.93750075 0.        ]
