[0.         0.22658861 0.03151259 0.10990784 0.         0.33218581
 0.05980022 0.17750943 0.        ]
[0.         0.11767035 0.0689178  0.6400493  0.         0.
 0.05469876 0.05616755 0.        ]
[0.         0.06203344 0.1423155  0.         0.         0.
 0.67336225 0.0597918  0.        ]
[0.         0.1484356  0.71546318 0.         0.         0.
 0.         0.07360346 0.        ]
[0.         0.87543618 0.         0.         0.         0.
 0.         0.06206532 0.        ]
[0.         0.         0.         0.         0.         0.
 0.         0.93750075 0.        ]
