[0.         0.22259998 0.0856872  0.18801303 0.         0.22362906
 0.08030863 0.1372666  0.        ]
[0.         0.04124906 0.04770156 0.         0.         0.57868687
 0.10948437 0.16038189 0.        ]
[0.         0.09160081 0.62887482 0.         0.         0.
 0.05883895 0.15818842 0.        ]
[0.         0.04682495 0.         0.         0.         0.
 0.74995614 0.14072116 0.        ]
[0.         0.10866992 0.         0.         0.         0.
 0.         0.82883158 0.        ]
[0.         0.93750075 0.         0.         0.         0.
 0.         0.         0.        ]
