[0.         0.26578539 0.08474242 0.0904689  0.         0.22414001
 0.12368864 0.14867914 0.        ]
[0.         0.15366517 0.08409347 0.58818569 0.         0.
 0.05427937 0.05728005 0.        ]
[0.         0.08692719 0.20791447 0.         0.         0.
 0.58145746 0.06120388 0.        ]
[0.         0.09113826 0.63857094 0.         0.         0.
 0.         0.20779305 0.        ]
[0.         0.80416076 0.         0.         0.         0.
 0.         0.13334074 0.        ]
[0.         0.         0.         0.         0.         0.
 0.         0.93750075 0.        ]
