[0.         0.20167538 0.04558812 0.08763524 0.         0.2130376
 0.0469053  0.34266286 0.        ]
[0.         0.07621938 0.07992261 0.56826266 0.         0.
 0.09781395 0.11528515 0.        ]
[0.         0.20798335 0.12541454 0.         0.         0.
 0.54018217 0.06392295 0.        ]
[0.         0.06675836 0.75589215 0.         0.         0.
 0.         0.11485174 0.        ]
[0.         0.70502459 0.         0.         0.         0.
 0.         0.23247691 0.        ]
[0.         0.         0.         0.         0.         0.
 0.         0.93750075 0.        ]
