[0.         0.27477913 0.07957759 0.15671213 0.         0.27541145
 0.0540172  0.09700701 0.        ]
[0.         0.         0.13647664 0.07295591 0.         0.07548888
 0.0946592  0.55792312 0.        ]
[0.         0.         0.07995934 0.10955148 0.         0.21024911
 0.53774307 0.         0.        ]
[0.         0.         0.70551109 0.11319569 0.         0.11879546
 0.         0.         0.        ]
[0.         0.         0.         0.29541419 0.         0.64208731
 0.         0.         0.        ]
[0.         0.         0.         0.93750075 0.         0.
 0.         0.         0.        ]
