[0.         0.16433557 0.10152705 0.12305204 0.         0.40009251
 0.08061362 0.06788371 0.        ]
[0.         0.16934452 0.05735253 0.51044238 0.         0.
 0.09389601 0.10646831 0.        ]
[0.         0.06843099 0.13044867 0.         0.         0.
 0.6457222  0.09290113 0.        ]
[0.         0.21744938 0.64126663 0.         0.         0.
 0.         0.07878624 0.        ]
[0.         0.79628098 0.         0.         0.         0.
 0.         0.14122052 0.        ]
[0.         0.         0.         0.         0.         0.
 0.         0.93750075 0.        ]
