[0.         0.30528562 0.10704412 0.1471792  0.         0.21198195
 0.05134306 0.11467055 0.        ]
[0.         0.         0.11133572 0.0734647  0.         0.02255523
 0.069497   0.6606511  0.        ]
[0.         0.         0.09513217 0.18001734 0.         0.1216206
 0.54073289 0.         0.        ]
[0.         0.         0.70261134 0.16288429 0.         0.07200662
 0.         0.         0.        ]
[0.         0.         0.         0.23875162 0.         0.69874988
 0.         0.         0.        ]
[0.         0.         0.         0.93750075 0.         0.
 0.         0.         0.        ]
