[0.         0.29184332 0.0564162  0.11256763 0.         0.24319297
 0.1014394  0.13204499 0.        ]
[0.         0.         0.1083295  0.03922205 0.         0.10999844
 0.06960808 0.61034567 0.        ]
[0.         0.         0.13551043 0.0741797  0.         0.15456073
 0.57325214 0.         0.        ]
[0.         0.         0.70437362 0.11933841 0.         0.11379021
 0.         0.         0.        ]
[0.        0.        0.        0.0728507 0.        0.8646508 0.
 0.        0.       ]
[0.         0.         0.         0.93750075 0.         0.
 0.         0.         0.        ]
