[0.         0.24508033 0.05447664 0.14547542 0.         0.23329747
 0.05925037 0.19992427 0.        ]
[0.         0.50454268 0.08016536 0.1704961  0.         0.09581824
 0.08648137 0.         0.        ]
[0.         0.         0.51090315 0.11434003 0.         0.21354394
 0.09871588 0.         0.        ]
[0.         0.         0.         0.09589301 0.         0.13281874
 0.7087905  0.         0.        ]
[0.         0.         0.         0.84025997 0.         0.09724153
 0.         0.         0.        ]
[0.         0.         0.         0.         0.         0.93750075
 0.         0.         0.        ]
