[0.         0.35262174 0.04020309 0.17893438 0.         0.23119178
 0.033979   0.10057451 0.        ]
[0.         0.         0.1365613  0.05840277 0.         0.07704006
 0.10617281 0.55932681 0.        ]
[0.         0.         0.06990516 0.06646354 0.         0.24575545
 0.55537884 0.         0.        ]
[0.         0.         0.70967564 0.11011864 0.         0.11770796
 0.         0.         0.        ]
[0.        0.        0.        0.2036873 0.        0.7338142 0.
 0.        0.       ]
[0.         0.         0.         0.93750075 0.         0.
 0.         0.         0.        ]
