[0.         0.13557582 0.06298651 0.20069189 0.         0.26389728
 0.07187874 0.20247425 0.        ]
[0.         0.05507297 0.08697714 0.59673257 0.         0.
 0.12078775 0.07793332 0.        ]
[0.         0.09002893 0.12775633 0.         0.         0.
 0.64246507 0.07725267 0.        ]
[0.         0.21025891 0.66220319 0.         0.         0.
 0.         0.06504015 0.        ]
[0.         0.71910316 0.         0.         0.         0.
 0.         0.21839834 0.        ]
[0.         0.         0.         0.         0.         0.
 0.         0.93750075 0.        ]
