[0.         0.13496168 0.05265061 0.1608552  0.         0.24238299
 0.03265503 0.31399898 0.        ]
[0.         0.05752776 0.04822083 0.62346042 0.         0.
 0.05000333 0.15829141 0.        ]
[0.         0.08318598 0.1578103  0.         0.         0.
 0.59283683 0.10366989 0.        ]
[0.         0.06119989 0.78256074 0.         0.         0.
 0.         0.09374161 0.        ]
[0.         0.78771172 0.         0.         0.         0.
 0.         0.14978978 0.        ]
[0.         0.         0.         0.         0.         0.
 0.         0.93750075 0.        ]
