[0.         0.37398906 0.06986496 0.07851645 0.         0.18524986
 0.03607243 0.19381172 0.        ]
[0.         0.         0.05277118 0.05579061 0.         0.09282866
 0.05538711 0.68072618 0.        ]
[0.         0.         0.059766   0.05032726 0.         0.10434004
 0.7230697  0.         0.        ]
[0.         0.         0.69194618 0.15900794 0.         0.08654813
 0.         0.         0.        ]
[0.        0.        0.        0.260029  0.        0.6774725 0.
 0.        0.       ]
[0.         0.         0.         0.93750075 0.         0.
 0.         0.         0.        ]
