[0.         0.3061044  0.07684811 0.08372635 0.         0.2726786
 0.06832395 0.12982308 0.        ]
[0.         0.         0.15002595 0.06861364 0.         0.0497229
 0.0466712  0.62247006 0.        ]
[0.         0.         0.04614508 0.16996414 0.         0.16640443
 0.55498935 0.         0.        ]
[0.         0.         0.69007629 0.17492504 0.         0.07250092
 0.         0.         0.        ]
[0.         0.         0.         0.11936668 0.         0.81813482
 0.         0.         0.        ]
[0.         0.         0.         0.93750075 0.         0.
 0.         0.         0.        ]
