[0.         0.21503082 0.13829687 0.19959222 0.         0.21351025
 0.04907479 0.12199954 0.        ]
[0.         0.04823004 0.0632222  0.         0.         0.61818876
 0.08268298 0.12517978 0.        ]
[0.         0.12136063 0.51949505 0.         0.         0.
 0.12037498 0.17627235 0.        ]
[0.         0.1889538  0.         0.         0.         0.
 0.66671611 0.08183234 0.        ]
[0.         0.07468968 0.         0.         0.         0.
 0.         0.86281182 0.        ]
[0.         0.93750075 0.         0.         0.         0.
 0.         0.         0.        ]
