[0.         0.21820023 0.09045417 0.17262527 0.         0.15528335
 0.10183087 0.1991106  0.        ]
[0.         0.179603   0.19282589 0.         0.         0.29036594
 0.16515313 0.1095558  0.        ]
[0.         0.10208979 0.57867107 0.         0.         0.
 0.09017462 0.16656752 0.        ]
[0.         0.29489889 0.         0.         0.         0.
 0.37439061 0.26821275 0.        ]
[0.         0.41635234 0.         0.         0.         0.
 0.         0.52114916 0.        ]
[0.         0.93750075 0.         0.         0.         0.
 0.         0.         0.        ]
