[0.         0.17765715 0.11910439 0.37500231 0.         0.06733851
 0.07625683 0.12214532 0.        ]
[0.         0.09031526 0.16412412 0.         0.         0.41923913
 0.16107902 0.10274623 0.        ]
[0.         0.05353954 0.53313677 0.         0.         0.
 0.06023    0.2905967  0.        ]
[0.         0.18177654 0.         0.         0.         0.
 0.59363615 0.16208955 0.        ]
[0.         0.06788245 0.         0.         0.         0.
 0.         0.86961905 0.        ]
[0.         0.93750075 0.         0.         0.         0.
 0.         0.         0.        ]
