[0.         0.15388884 0.13984281 0.22026021 0.         0.20123866
 0.06189315 0.16038082 0.        ]
[0.         0.27733568 0.10545574 0.30410277 0.         0.
 0.14746086 0.1031487  0.        ]
[0.         0.43002308 0.16076659 0.         0.         0.
 0.09540758 0.25130575 0.        ]
[0.         0.2483803  0.51007032 0.         0.         0.
 0.         0.17905163 0.        ]
[0.         0.75144752 0.         0.         0.         0.
 0.         0.18605398 0.        ]
[0.         0.         0.         0.         0.         0.
 0.         0.93750075 0.        ]
