[0.         0.19579205 0.12295746 0.08854594 0.         0.21289656
 0.06504314 0.25226935 0.        ]
[0.         0.68227365 0.04070937 0.07998715 0.         0.09137917
 0.04315441 0.         0.        ]
[0.         0.         0.62292974 0.10444267 0.         0.11880222
 0.09132838 0.         0.        ]
[0.         0.         0.         0.14698794 0.         0.2103896
 0.58012471 0.         0.        ]
[0.         0.         0.         0.72623194 0.         0.21126956
 0.         0.         0.        ]
[0.         0.         0.         0.         0.         0.93750075
 0.         0.         0.        ]
