[0.         0.08874782 0.03976944 0.22454719 0.         0.21626868
 0.09962114 0.26855023 0.        ]
[0.         0.03302529 0.06076189 0.         0.         0.66866762
 0.1352365  0.03981245 0.        ]
[0.         0.03785869 0.75524288 0.         0.         0.
 0.07353895 0.07086248 0.        ]
[0.         0.11498424 0.         0.         0.         0.
 0.75785321 0.06466481 0.        ]
[0.         0.06565381 0.         0.         0.         0.
 0.         0.87184769 0.        ]
[0.         0.93750075 0.         0.         0.         0.
 0.         0.         0.        ]
