[0.         0.15302511 0.14909614 0.1071117  0.         0.13728488
 0.11601864 0.27496804 0.        ]
[0.         0.20927705 0.190694   0.16958518 0.         0.12789336
 0.24005417 0.         0.        ]
[0.         0.         0.44365844 0.12913507 0.         0.18031228
 0.18439721 0.         0.        ]
[0.         0.         0.         0.20470111 0.         0.20120823
 0.53159291 0.         0.        ]
[0.         0.         0.         0.64387757 0.         0.29362393
 0.         0.         0.        ]
[0.         0.         0.         0.         0.         0.93750075
 0.         0.         0.        ]
