[0.         0.36668629 0.04560667 0.10072545 0.         0.25632584
 0.09855096 0.06960928 0.        ]
[0.         0.18641017 0.10493418 0.56469475 0.         0.
 0.03943688 0.04202777 0.        ]
[0.         0.19427653 0.0979171  0.         0.         0.
 0.56094065 0.08436872 0.        ]
[0.         0.12356195 0.75625121 0.         0.         0.
 0.         0.05768908 0.        ]
[0.         0.71324525 0.         0.         0.         0.
 0.         0.22425625 0.        ]
[0.         0.         0.         0.         0.         0.
 0.         0.93750075 0.        ]
