[0.         0.23883483 0.04102694 0.13586996 0.         0.35832724
 0.04849773 0.11494779 0.        ]
[0.         0.11264407 0.08097095 0.55232104 0.         0.
 0.06927168 0.12229602 0.        ]
[0.         0.06877021 0.09062831 0.         0.         0.
 0.64962155 0.12848292 0.        ]
[0.         0.08330549 0.69418833 0.         0.         0.
 0.         0.16000842 0.        ]
[0.         0.86024891 0.         0.         0.         0.
 0.         0.07725259 0.        ]
[0.         0.         0.         0.         0.         0.
 0.         0.93750075 0.        ]
