[0.         0.16484741 0.09047941 0.2755427  0.         0.14548908
 0.09015916 0.17098674 0.        ]
[0.         0.08579409 0.23658736 0.         0.         0.4682247
 0.0641871  0.0827105  0.        ]
[0.         0.1106072  0.6969287  0.         0.         0.
 0.07106861 0.05889849 0.        ]
[0.         0.26877794 0.         0.         0.         0.
 0.54297783 0.12574649 0.        ]
[0.         0.19334322 0.         0.         0.         0.
 0.         0.74415828 0.        ]
[0.         0.93750075 0.         0.         0.         0.
 0.         0.         0.        ]
