[0.         0.23810418 0.05974435 0.11301581 0.         0.31386511
 0.07279824 0.13997682 0.        ]
[0.         0.         0.14246961 0.04473731 0.         0.06928992
 0.07029938 0.61070753 0.        ]
[0.         0.         0.09420618 0.06361314 0.         0.22493907
 0.55474461 0.         0.        ]
[0.         0.         0.6984271  0.18271731 0.         0.05635785
 0.         0.         0.        ]
[0.         0.         0.         0.11367838 0.         0.82382312
 0.         0.         0.        ]
[0.         0.         0.         0.93750075 0.         0.
 0.         0.         0.        ]
