[0.         0.20170846 0.11135698 0.13343863 0.         0.18284055
 0.03382288 0.27433701 0.        ]
[0.         0.57191719 0.08385609 0.07080253 0.         0.07861839
 0.13230955 0.         0.        ]
[0.         0.         0.69239955 0.09581718 0.         0.084169
 0.06511726 0.         0.        ]
[0.         0.         0.         0.12828285 0.         0.194121
 0.6150984  0.         0.        ]
[0.         0.         0.         0.84021053 0.         0.09729097
 0.         0.         0.        ]
[0.         0.         0.         0.         0.         0.93750075
 0.         0.         0.        ]
