[0.         0.31029013 0.06561652 0.08003658 0.         0.2503629
 0.08223813 0.14896023 0.        ]
[0.         0.60493376 0.07192164 0.1478278  0.         0.04246853
 0.07035202 0.         0.        ]
[0.         0.         0.51412837 0.07608967 0.         0.19890916
 0.1483758  0.         0.        ]
[0.         0.         0.         0.17693759 0.         0.12080746
 0.6397572  0.         0.        ]
[0.         0.         0.         0.82932813 0.         0.10817337
 0.         0.         0.        ]
[0.         0.         0.         0.         0.         0.93750075
 0.         0.         0.        ]
