[0.         0.34512299 0.08321619 0.0697258  0.         0.15904703
 0.06048568 0.21990683 0.        ]
[0.         0.11343544 0.24263477 0.4277482  0.         0.
 0.07143302 0.08225232 0.        ]
[0.         0.15111945 0.1769076  0.         0.         0.
 0.48425411 0.12522184 0.        ]
[0.         0.0615196  0.84205398 0.         0.         0.
 0.         0.03392866 0.        ]
[0.         0.81415187 0.         0.         0.         0.
 0.         0.12334963 0.        ]
[0.         0.         0.         0.         0.         0.
 0.         0.93750075 0.        ]
