[0.         0.31346181 0.14613974 0.06408774 0.         0.20230409
 0.07090144 0.14060969 0.        ]
[0.         0.         0.14329408 0.0893154  0.         0.03258885
 0.03308081 0.63922461 0.        ]
[0.         0.         0.16983679 0.09580693 0.         0.06014193
 0.61171735 0.         0.        ]
[0.         0.         0.71409339 0.10857142 0.         0.11483745
 0.         0.         0.        ]
[0.         0.         0.         0.25025871 0.         0.68724279
 0.         0.         0.        ]
[0.         0.         0.         0.93750075 0.         0.
 0.         0.         0.        ]
