[0.         0.21805833 0.03451489 0.12673177 0.         0.26653717
 0.08994672 0.20171564 0.        ]
[0.         0.58621526 0.17419606 0.06149047 0.         0.05431391
 0.06128805 0.         0.        ]
[0.         0.         0.571049   0.05783665 0.         0.16340774
 0.14520961 0.         0.        ]
[0.         0.         0.         0.19516438 0.         0.14367248
 0.59866539 0.         0.        ]
[0.        0.        0.        0.8330809 0.        0.1044206 0.
 0.        0.       ]
[0.         0.         0.         0.         0.         0.93750075
 0.         0.         0.        ]
