[0.         0.14471443 0.07440676 0.17267116 0.         0.30340258
 0.10677481 0.13553475 0.        ]
[0.         0.09249762 0.04689712 0.56775912 0.         0.
 0.14812328 0.08222662 0.        ]
[0.         0.06050896 0.09762097 0.         0.         0.
 0.59206587 0.1873072  0.        ]
[0.         0.18586792 0.6185487  0.         0.         0.
 0.         0.13308563 0.        ]
[0.         0.83014116 0.         0.         0.         0.
 0.         0.10736034 0.        ]
[0.         0.         0.         0.         0.         0.
 0.         0.93750075 0.        ]
