[0.         0.31313986 0.1164076  0.07968434 0.         0.21305199
 0.10728607 0.10793464 0.        ]
[0.         0.         0.06219233 0.0405453  0.         0.14186582
 0.06904819 0.62385212 0.        ]
[0.         0.         0.16994563 0.12737238 0.         0.08210037
 0.55808462 0.         0.        ]
[0.         0.         0.7582582  0.04647529 0.         0.13276876
 0.         0.         0.        ]
[0.        0.        0.        0.1583632 0.        0.7791383 0.
 0.        0.       ]
[0.         0.         0.         0.93750075 0.         0.
 0.         0.         0.        ]
