[0.         0.23257167 0.15387245 0.11249926 0.         0.15811457
 0.12053081 0.15991573 0.        ]
[0.         0.         0.22152429 0.15071547 0.         0.07413096
 0.15618467 0.33494835 0.        ]
[0.         0.         0.17822533 0.16034684 0.         0.27301304
 0.32591779 0.         0.        ]
[0.         0.         0.7456384  0.06732176 0.         0.12454209
 0.         0.         0.        ]
[0.        0.        0.        0.414914  0.        0.5225875 0.
 0.        0.       ]
[0.         0.         0.         0.93750075 0.         0.
 0.         0.         0.        ]
