[0.         0.13606334 0.13807202 0.16837822 0.         0.25007095
 0.07096182 0.17395816 0.        ]
[0.         0.06261714 0.07864491 0.64147913 0.         0.
 0.07013616 0.0846264  0.        ]
[0.         0.1444346  0.11102466 0.         0.         0.
 0.6059024  0.07614133 0.        ]
[0.         0.18329025 0.66780284 0.         0.         0.
 0.         0.08640916 0.        ]
[0.         0.82725228 0.         0.         0.         0.
 0.         0.11024922 0.        ]
[0.         0.         0.         0.         0.         0.
 0.         0.93750075 0.        ]
