[0.         0.21724207 0.06940701 0.07557236 0.         0.24434606
 0.04040292 0.2905341  0.        ]
[0.         0.70916852 0.05824997 0.05553098 0.         0.04319251
 0.07136176 0.         0.        ]
[0.         0.         0.59133134 0.12434939 0.         0.08467397
 0.1371483  0.         0.        ]
[0.         0.         0.         0.11644362 0.         0.25264128
 0.56841734 0.         0.        ]
[0.         0.         0.         0.86293216 0.         0.07456934
 0.         0.         0.        ]
[0.         0.         0.         0.         0.         0.93750075
 0.         0.         0.        ]
