[0.         0.16363775 0.08360334 0.10417891 0.         0.21196854
 0.04374656 0.33036939 0.        ]
[0.         0.17329051 0.09757708 0.50759448 0.         0.
 0.12483414 0.03420753 0.        ]
[0.         0.08502516 0.19065633 0.         0.         0.
 0.59233371 0.06948781 0.        ]
[0.         0.08436085 0.80410735 0.         0.         0.
 0.         0.04903405 0.        ]
[0.         0.85619088 0.         0.         0.         0.
 0.         0.08131062 0.        ]
[0.         0.         0.         0.         0.         0.
 0.         0.93750075 0.        ]
