[0.         0.2401561  0.06430466 0.19888254 0.         0.22528615
 0.03222019 0.17665485 0.        ]
[0.         0.60253176 0.1073834  0.0716614  0.         0.09290132
 0.06302587 0.         0.        ]
[0.         0.         0.63702266 0.04878389 0.         0.06238829
 0.18930816 0.         0.        ]
[0.         0.         0.         0.14009525 0.         0.20832257
 0.58908443 0.         0.        ]
[0.         0.         0.         0.84389487 0.         0.09360663
 0.         0.         0.        ]
[0.         0.         0.         0.         0.         0.93750075
 0.         0.         0.        ]
