[0.         0.16681843 0.09253404 0.12350995 0.         0.24457062
 0.03032992 0.27974154 0.        ]
[0.         0.55082427 0.11922549 0.119186   0.         0.07351144
 0.07475656 0.         0.        ]
[0.         0.         0.59709394 0.12525981 0.         0.11099464
 0.10415461 0.         0.        ]
[0.         0.         0.         0.0881466  0.         0.20622883
 0.64312681 0.         0.        ]
[0.         0.         0.         0.75321975 0.         0.18428175
 0.         0.         0.        ]
[0.         0.         0.         0.         0.         0.93750075
 0.         0.         0.        ]
