[0.         0.12779044 0.14800646 0.23342663 0.         0.23972112
 0.07367014 0.11488972 0.        ]
[0.         0.06368334 0.09181922 0.61894221 0.         0.
 0.09011797 0.07294101 0.        ]
[0.         0.14918959 0.05281335 0.         0.         0.
 0.62372584 0.11177422 0.        ]
[0.         0.10322141 0.78128287 0.         0.         0.
 0.         0.05299796 0.        ]
[0.        0.8488885 0.        0.        0.        0.        0.
 0.088613  0.       ]
[0.         0.         0.         0.         0.         0.
 0.         0.93750075 0.        ]
