[0.         0.29458631 0.07803829 0.1434219  0.         0.20146411
 0.09334801 0.12664589 0.        ]
[0.         0.04955743 0.10405603 0.63255475 0.         0.
 0.10507411 0.04626144 0.        ]
[0.         0.13208692 0.08023792 0.         0.         0.
 0.64414523 0.08103294 0.        ]
[0.         0.16776972 0.69086459 0.         0.         0.
 0.         0.07886794 0.        ]
[0.         0.86752091 0.         0.         0.         0.
 0.         0.06998059 0.        ]
[0.         0.         0.         0.         0.         0.
 0.         0.93750075 0.        ]
