[0.         0.18804307 0.08446684 0.26343898 0.         0.21028237
 0.08243163 0.1088416  0.        ]
[0.         0.09383944 0.08020702 0.         0.         0.56522513
 0.0933932  0.10483895 0.        ]
[0.         0.04202372 0.65407798 0.         0.         0.
 0.08888249 0.15251882 0.        ]
[0.         0.18274942 0.         0.         0.         0.
 0.71904543 0.03570739 0.        ]
[0.         0.08455394 0.         0.         0.         0.
 0.         0.85294756 0.        ]
[0.         0.93750075 0.         0.         0.         0.
 0.         0.         0.        ]
