[0.         0.12051721 0.07294459 0.13945035 0.         0.27848035
 0.13436425 0.19174776 0.        ]
[0.         0.08358672 0.08074165 0.56785238 0.         0.
 0.13462966 0.07069334 0.        ]
[0.         0.08338616 0.07236085 0.         0.         0.
 0.69774404 0.08401195 0.        ]
[0.         0.07897551 0.79391388 0.         0.         0.
 0.         0.06461286 0.        ]
[0.         0.79853766 0.         0.         0.         0.
 0.         0.13896384 0.        ]
[0.         0.         0.         0.         0.         0.
 0.         0.93750075 0.        ]
