[0.         0.21488019 0.08523022 0.18129525 0.         0.23786905
 0.07786616 0.14036363 0.        ]
[0.         0.05462355 0.05629529 0.66466749 0.         0.
 0.05890267 0.10301475 0.        ]
[0.         0.05750715 0.09034233 0.         0.         0.
 0.64614638 0.14350714 0.        ]
[0.         0.14053854 0.66318998 0.         0.         0.
 0.         0.13377374 0.        ]
[0.         0.83955895 0.         0.         0.         0.
 0.         0.09794255 0.        ]
[0.         0.         0.         0.         0.         0.
 0.         0.93750075 0.        ]
