[0.         0.28593465 0.12625269 0.11533526 0.         0.26543509
 0.04311301 0.1014338  0.        ]
[0.         0.08676082 0.07749463 0.54711885 0.         0.
 0.05030119 0.17582827 0.        ]
[0.        0.2645523 0.0965669 0.        0.        0.        0.5328003
 0.0435835 0.       ]
[0.         0.16444432 0.63347855 0.         0.         0.
 0.         0.13957938 0.        ]
[0.        0.8231654 0.        0.        0.        0.        0.
 0.1143361 0.       ]
[0.         0.         0.         0.         0.         0.
 0.         0.93750075 0.        ]
