[0.         0.33648427 0.03534843 0.07543595 0.         0.29543318
 0.10128584 0.09351683 0.        ]
[0.         0.         0.05563897 0.04015796 0.         0.19125574
 0.05060182 0.59984927 0.        ]
[0.         0.         0.05341881 0.11175261 0.         0.1396358
 0.63269578 0.         0.        ]
[0.         0.         0.73365424 0.11877715 0.         0.08507086
 0.         0.         0.        ]
[0.         0.         0.         0.15198798 0.         0.78551352
 0.         0.         0.        ]
[0.         0.         0.         0.93750075 0.         0.
 0.         0.         0.        ]
