[0.         0.28446977 0.11688979 0.09804802 0.         0.24719977
 0.05093421 0.13996294 0.        ]
[0.         0.06819294 0.06674513 0.57603462 0.         0.
 0.05658213 0.16994894 0.        ]
[0.         0.10027925 0.13162389 0.         0.         0.
 0.58648692 0.11911294 0.        ]
[0.         0.05894469 0.69309868 0.         0.         0.
 0.         0.18545887 0.        ]
[0.         0.85976915 0.         0.         0.         0.
 0.         0.07773235 0.        ]
[0.         0.         0.         0.         0.         0.
 0.         0.93750075 0.        ]
