[0.         0.19156684 0.07567113 0.0927597  0.         0.26337308
 0.05480189 0.25933185 0.        ]
[0.         0.         0.11261495 0.06969556 0.         0.11385758
 0.05274609 0.58858958 0.        ]
[0.         0.         0.09105479 0.08264936 0.         0.14914595
 0.61465291 0.         0.        ]
[0.         0.         0.72005438 0.03735122 0.         0.18009664
 0.         0.         0.        ]
[0.         0.         0.         0.17651204 0.         0.76098946
 0.         0.         0.        ]
[0.         0.         0.         0.93750075 0.         0.
 0.         0.         0.        ]
