[0.         0.2845279  0.16008906 0.08293906 0.         0.24411678
 0.05324501 0.1125867  0.        ]
[0.         0.         0.09254777 0.1210471  0.         0.05741601
 0.07302408 0.59346879 0.        ]
[0.         0.         0.05014852 0.05950554 0.         0.24808821
 0.57976072 0.         0.        ]
[0.         0.         0.67569169 0.11111875 0.         0.15069181
 0.         0.         0.        ]
[0.         0.         0.         0.13808914 0.         0.79941236
 0.         0.         0.        ]
[0.         0.         0.         0.93750075 0.         0.
 0.         0.         0.        ]
