[0.         0.12550913 0.15156923 0.16267928 0.         0.28259657
 0.07095036 0.14419995 0.        ]
[0.         0.15944143 0.08470242 0.54270407 0.         0.
 0.07375236 0.07690347 0.        ]
[0.         0.13982255 0.11721604 0.         0.         0.
 0.59382952 0.08663488 0.        ]
[0.         0.20947501 0.66958516 0.         0.         0.
 0.         0.05844208 0.        ]
[0.         0.84889283 0.         0.         0.         0.
 0.         0.08860867 0.        ]
[0.         0.         0.         0.         0.         0.
 0.         0.93750075 0.        ]
