[0.         0.28354981 0.04176941 0.11746997 0.         0.30085602
 0.0562377  0.13762159 0.        ]
[0.         0.10871134 0.0955025  0.51067666 0.         0.
 0.07776845 0.1448448  0.        ]
[0.         0.15369106 0.09469571 0.         0.         0.
 0.62904026 0.06007598 0.        ]
[0.         0.07354538 0.80209944 0.         0.         0.
 0.         0.06185743 0.        ]
[0.         0.81928819 0.         0.         0.         0.
 0.         0.11821331 0.        ]
[0.         0.         0.         0.         0.         0.
 0.         0.93750075 0.        ]
