[0.         0.31804456 0.04020154 0.1675159  0.         0.2537942
 0.05605441 0.10189389 0.        ]
[0.         0.         0.06944583 0.0792233  0.         0.07059236
 0.12826385 0.5899784  0.        ]
[0.         0.         0.06818353 0.10495503 0.         0.10696081
 0.65740363 0.         0.        ]
[0.         0.         0.70583142 0.12969896 0.         0.10197187
 0.         0.         0.        ]
[0.         0.         0.         0.08469856 0.         0.85280294
 0.         0.         0.        ]
[0.         0.         0.         0.93750075 0.         0.
 0.         0.         0.        ]
