[0.         0.17681955 0.06446925 0.15263512 0.         0.22460087
 0.07427096 0.24470875 0.        ]
[0.         0.06426168 0.12710007 0.5697832  0.         0.
 0.10835227 0.06800654 0.        ]
[0.         0.0948495  0.06759907 0.         0.         0.
 0.61411135 0.16094309 0.        ]
[0.         0.03980513 0.69922894 0.         0.         0.
 0.         0.19846818 0.        ]
[0.         0.90454701 0.         0.         0.         0.
 0.         0.03295449 0.        ]
[0.         0.         0.         0.         0.         0.
 0.         0.93750075 0.        ]
