[0.         0.38990508 0.05422059 0.1232726  0.         0.20262307
 0.04400646 0.12347669 0.        ]
[0.         0.11071114 0.22344401 0.46124391 0.         0.
 0.06529359 0.0768111  0.        ]
[0.         0.19538029 0.12247566 0.         0.         0.
 0.58152705 0.03812    0.        ]
[0.         0.0835332  0.78672736 0.         0.         0.
 0.         0.06724169 0.        ]
[0.         0.85025337 0.         0.         0.         0.
 0.         0.08724813 0.        ]
[0.         0.         0.         0.         0.         0.
 0.         0.93750075 0.        ]
