[0.         0.35486221 0.0631165  0.07424145 0.         0.23570147
 0.11143532 0.09814756 0.        ]
[0.         0.         0.09148696 0.06112858 0.         0.0402024
 0.16417214 0.58051367 0.        ]
[0.         0.         0.17538214 0.05951308 0.         0.11343081
 0.58917698 0.         0.        ]
[0.         0.         0.74095993 0.14923234 0.         0.04730998
 0.         0.         0.        ]
[0.         0.         0.         0.20972154 0.         0.72777996
 0.         0.         0.        ]
[0.         0.         0.         0.93750075 0.         0.
 0.         0.         0.        ]
