[0.         0.22034463 0.0644432  0.15242686 0.         0.38198074
 0.05601813 0.06229094 0.        ]
[0.         0.12102299 0.1125541  0.48683507 0.         0.
 0.08266393 0.13442766 0.        ]
[0.         0.0813791  0.18235029 0.         0.         0.
 0.56701151 0.1067621  0.        ]
[0.         0.19107898 0.57964928 0.         0.         0.
 0.         0.16677399 0.        ]
[0.         0.77034061 0.         0.         0.         0.
 0.         0.16716089 0.        ]
[0.         0.         0.         0.         0.         0.
 0.         0.93750075 0.        ]
