[0.         0.132016   0.15497669 0.20965452 0.         0.14518824
 0.12586695 0.1698021  0.        ]
[0.         0.25491742 0.16712955 0.1532854  0.         0.15346584
 0.20870554 0.         0.        ]
[0.         0.         0.30089049 0.20059199 0.         0.18761303
 0.2484075  0.         0.        ]
[0.         0.         0.         0.32450605 0.         0.34250039
 0.27049581 0.         0.        ]
[0.         0.         0.         0.55184466 0.         0.38565684
 0.         0.         0.        ]
[0.         0.         0.         0.         0.         0.93750075
 0.         0.         0.        ]
