[0.         0.15175956 0.07725628 0.18164186 0.         0.36086766
 0.04650271 0.11947643 0.        ]
[0.         0.25080057 0.09445019 0.45372469 0.         0.
 0.05931563 0.07921267 0.        ]
[0.         0.08569645 0.12039097 0.         0.         0.
 0.5922684  0.13914718 0.        ]
[0.         0.17180744 0.6786847  0.         0.         0.
 0.         0.08701011 0.        ]
[0.         0.88947152 0.         0.         0.         0.
 0.         0.04802998 0.        ]
[0.         0.         0.         0.         0.         0.
 0.         0.93750075 0.        ]
