[0.         0.24403939 0.05464141 0.08745293 0.         0.18854474
 0.07741178 0.28541425 0.        ]
[0.         0.         0.06627735 0.06600852 0.         0.08265962
 0.1741045  0.54845375 0.        ]
[0.         0.         0.13536533 0.12542465 0.         0.17535003
 0.50136299 0.         0.        ]
[0.         0.         0.72327797 0.11004127 0.         0.10418301
 0.         0.         0.        ]
[0.         0.         0.         0.07409863 0.         0.86340287
 0.         0.         0.        ]
[0.         0.         0.         0.93750075 0.         0.
 0.         0.         0.        ]
