[0.         0.38682785 0.06210232 0.08865475 0.         0.2552706
 0.05906572 0.08558327 0.        ]
[0.         0.55917821 0.07463713 0.08924481 0.         0.04814845
 0.16629515 0.         0.        ]
[0.         0.         0.47593628 0.1557667  0.         0.19713087
 0.10866916 0.         0.        ]
[0.         0.         0.         0.11506498 0.         0.28999592
 0.53244135 0.         0.        ]
[0.         0.         0.         0.75465678 0.         0.18284472
 0.         0.         0.        ]
[0.         0.         0.         0.         0.         0.93750075
 0.         0.         0.        ]
