[0.         0.20493425 0.10784324 0.07195666 0.         0.27926723
 0.08349456 0.19000856 0.        ]
[0.         0.         0.1083796  0.11579628 0.         0.07891991
 0.11348344 0.52092452 0.        ]
[0.         0.         0.16508681 0.1162087  0.         0.1115666
 0.54464088 0.         0.        ]
[0.         0.         0.70125105 0.16598417 0.         0.07026703
 0.         0.         0.        ]
[0.         0.         0.         0.13501271 0.         0.80248879
 0.         0.         0.        ]
[0.         0.         0.         0.93750075 0.         0.
 0.         0.         0.        ]
