[0.         0.20042569 0.06483054 0.1463058  0.         0.2860601
 0.0770467  0.16283567 0.        ]
[0.         0.06758529 0.12035718 0.64884229 0.         0.
 0.06768171 0.03303729 0.        ]
[0.         0.24295387 0.08797605 0.         0.         0.
 0.55190915 0.05466393 0.        ]
[0.         0.12612029 0.64783388 0.         0.         0.
 0.         0.16354808 0.        ]
[0.        0.7751086 0.        0.        0.        0.        0.
 0.1623929 0.       ]
[0.         0.         0.         0.         0.         0.
 0.         0.93750075 0.        ]
