[0.         0.25077937 0.06665187 0.17484561 0.         0.27819445
 0.04344029 0.12359291 0.        ]
[0.         0.         0.09265216 0.08985862 0.         0.04594964
 0.10561701 0.60342632 0.        ]
[0.         0.         0.04754653 0.21227206 0.         0.14372816
 0.53395626 0.         0.        ]
[0.         0.         0.66097992 0.14769875 0.         0.12882358
 0.         0.         0.        ]
[0.         0.         0.         0.08590116 0.         0.85160034
 0.         0.         0.        ]
[0.         0.         0.         0.93750075 0.         0.
 0.         0.         0.        ]
