[0.         0.17936593 0.05118746 0.13098829 0.         0.3543098
 0.05416631 0.16748672 0.        ]
[0.         0.21114172 0.11682357 0.43961854 0.         0.
 0.0847286  0.08519132 0.        ]
[0.         0.15001357 0.12731814 0.         0.         0.
 0.55300881 0.10716248 0.        ]
[0.         0.17856425 0.71365867 0.         0.         0.
 0.         0.04527934 0.        ]
[0.         0.73209459 0.         0.         0.         0.
 0.         0.20540691 0.        ]
[0.         0.         0.         0.         0.         0.
 0.         0.93750075 0.        ]
