[0.         0.27975841 0.07309993 0.1000931  0.         0.26842852
 0.05179583 0.16432871 0.        ]
[0.         0.06651739 0.08299789 0.600001   0.         0.
 0.12215185 0.06583562 0.        ]
[0.         0.23521506 0.09564342 0.         0.         0.
 0.55300313 0.05364139 0.        ]
[0.         0.10639901 0.70064162 0.         0.         0.
 0.         0.13046162 0.        ]
[0.         0.76174972 0.         0.         0.         0.
 0.         0.17575178 0.        ]
[0.         0.         0.         0.         0.         0.
 0.         0.93750075 0.        ]
