[0.         0.22715925 0.08194578 0.14247148 0.         0.23656526
 0.09396467 0.15539807 0.        ]
[0.         0.12598433 0.05316891 0.58375518 0.         0.
 0.02993315 0.14466218 0.        ]
[0.         0.20581114 0.13395671 0.         0.         0.
 0.52621773 0.07151742 0.        ]
[0.         0.15860345 0.70955071 0.         0.         0.
 0.         0.06934809 0.        ]
[0.         0.87620497 0.         0.         0.         0.
 0.         0.06129653 0.        ]
[0.         0.         0.         0.         0.         0.
 0.         0.93750075 0.        ]
