[0.         0.33794156 0.03583566 0.14634594 0.         0.17539174
 0.07370749 0.16828211 0.        ]
[0.         0.08990615 0.13729317 0.4750798  0.         0.
 0.08639354 0.14883108 0.        ]
[0.         0.1733217  0.11600554 0.         0.         0.
 0.5187781  0.12939767 0.        ]
[0.         0.09213087 0.76528103 0.         0.         0.
 0.         0.08009035 0.        ]
[0.         0.83334245 0.         0.         0.         0.
 0.         0.10415905 0.        ]
[0.         0.         0.         0.         0.         0.
 0.         0.93750075 0.        ]
