[0.         0.13871324 0.05184457 0.11688287 0.         0.28473101
 0.10051862 0.2448142  0.        ]
[0.         0.05043682 0.06545566 0.56739806 0.         0.
 0.12187815 0.13233506 0.        ]
[0.         0.16355842 0.05386537 0.         0.         0.
 0.62712073 0.09295848 0.        ]
[0.         0.1532025  0.67902084 0.         0.         0.
 0.         0.10527891 0.        ]
[0.        0.8005669 0.        0.        0.        0.        0.
 0.1369346 0.       ]
[0.         0.         0.         0.         0.         0.
 0.         0.93750075 0.        ]
