[0.         0.14714203 0.11933899 0.11709671 0.         0.18093981
 0.03457714 0.33840982 0.        ]
[0.         0.         0.08660285 0.05271732 0.         0.12280241
 0.10385671 0.57152446 0.        ]
[0.         0.         0.06730425 0.17881532 0.         0.08631963
 0.60506381 0.         0.        ]
[0.         0.         0.69154923 0.12043796 0.         0.12551506
 0.         0.         0.        ]
[0.         0.         0.         0.09344727 0.         0.84405423
 0.         0.         0.        ]
[0.         0.         0.         0.93750075 0.         0.
 0.         0.         0.        ]
