[0.         0.20601822 0.1101106  0.18898585 0.         0.21033066
 0.123828   0.09823117 0.        ]
[0.         0.07632954 0.04830722 0.66885637 0.         0.
 0.06923091 0.07477972 0.        ]
[0.         0.03714105 0.05645517 0.         0.         0.
 0.70202306 0.14188372 0.        ]
[0.         0.16017494 0.6631432  0.         0.         0.
 0.         0.11418411 0.        ]
[0.         0.72849117 0.         0.         0.         0.
 0.         0.20901033 0.        ]
[0.         0.         0.         0.         0.         0.
 0.         0.93750075 0.        ]
