[0.         0.12186677 0.05081701 0.09859594 0.         0.23351341
 0.04391683 0.38879455 0.        ]
[0.         0.61093879 0.07933452 0.05628512 0.         0.05870155
 0.13224376 0.         0.        ]
[0.         0.         0.57846445 0.06542712 0.         0.16267928
 0.13093215 0.         0.        ]
[0.         0.         0.         0.09522623 0.         0.22443065
 0.61784538 0.         0.        ]
[0.         0.         0.         0.70853108 0.         0.22897042
 0.         0.         0.        ]
[0.         0.         0.         0.         0.         0.93750075
 0.         0.         0.        ]
