[0.         0.11755779 0.1293533  0.16138898 0.         0.31168321
 0.08320356 0.13431766 0.        ]
[0.         0.09647417 0.07345454 0.61712689 0.         0.
 0.08200552 0.06844263 0.        ]
[0.         0.04547168 0.08285023 0.         0.         0.
 0.70679048 0.10239061 0.        ]
[0.         0.09632    0.7721459  0.         0.         0.
 0.         0.06903635 0.        ]
[0.         0.73532789 0.         0.         0.         0.
 0.         0.20217361 0.        ]
[0.         0.         0.         0.         0.         0.
 0.         0.93750075 0.        ]
