[0.         0.20909176 0.06992954 0.09254013 0.         0.24134758
 0.11199025 0.21260523 0.        ]
[0.         0.61229101 0.15405558 0.04494591 0.         0.03334094
 0.09287031 0.         0.        ]
[0.         0.         0.66620712 0.09393469 0.         0.09462127
 0.08273992 0.         0.        ]
[0.         0.         0.         0.14510332 0.         0.23644941
 0.55594953 0.         0.        ]
[0.        0.        0.        0.8210985 0.        0.116403  0.
 0.        0.       ]
[0.         0.         0.         0.         0.         0.93750075
 0.         0.         0.        ]
