[0.         0.25902307 0.12731999 0.07471166 0.         0.25371355
 0.06815668 0.15457955 0.        ]
[0.         0.         0.10206387 0.06629478 0.         0.0558118
 0.0867643  0.62656899 0.        ]
[0.         0.         0.11763772 0.0713923  0.         0.12847509
 0.61999788 0.         0.        ]
[0.         0.         0.69196598 0.09216884 0.         0.15336743
 0.         0.         0.        ]
[0.         0.         0.         0.17828661 0.         0.75921489
 0.         0.         0.        ]
[0.         0.         0.         0.93750075 0.         0.
 0.         0.         0.        ]
