[0.         0.14002018 0.0726427  0.09563212 0.         0.28115307
 0.05726045 0.29079599 0.        ]
[0.         0.6325363  0.05840082 0.08094945 0.         0.07588738
 0.0897298  0.         0.        ]
[0.         0.         0.6458754  0.03962481 0.         0.17454587
 0.07745693 0.         0.        ]
[0.         0.         0.         0.1176428  0.         0.1424539
 0.67740554 0.         0.        ]
[0.         0.         0.         0.88936246 0.         0.04813904
 0.         0.         0.        ]
[0.         0.         0.         0.         0.         0.93750075
 0.         0.         0.        ]
