[0.         0.1704607  0.09426951 0.18309856 0.         0.23523457
 0.12229503 0.13214613 0.        ]
[0.         0.07441611 0.05430048 0.67063466 0.         0.
 0.09248911 0.0456634  0.        ]
[0.         0.0801701  0.12771723 0.         0.         0.
 0.59479035 0.13482532 0.        ]
[0.         0.13781533 0.66181685 0.         0.         0.
 0.         0.13787007 0.        ]
[0.         0.71822738 0.         0.         0.         0.
 0.         0.21927412 0.        ]
[0.         0.         0.         0.         0.         0.
 0.         0.93750075 0.        ]
