[0.         0.19722505 0.05951098 0.23431728 0.         0.29103745
 0.06236781 0.09304593 0.        ]
[0.         0.12600177 0.10869881 0.4648548  0.         0.
 0.12253962 0.11540875 0.        ]
[0.         0.12375339 0.12627823 0.         0.         0.
 0.62851964 0.05895174 0.        ]
[0.         0.10771416 0.6286845  0.         0.         0.
 0.         0.20110359 0.        ]
[0.         0.69237254 0.         0.         0.         0.
 0.         0.24512896 0.        ]
[0.         0.         0.         0.         0.         0.
 0.         0.93750075 0.        ]
