[0.         0.12247225 0.03904517 0.18407576 0.         0.32805368
 0.05931303 0.20454461 0.        ]
[0.         0.09280412 0.12154074 0.57465697 0.         0.
 0.07746124 0.07104067 0.        ]
[0.         0.07333853 0.16593536 0.         0.         0.
 0.61191992 0.08630919 0.        ]
[0.         0.26341901 0.6238933  0.         0.         0.
 0.         0.05018994 0.        ]
[0.         0.82393939 0.         0.         0.         0.
 0.         0.11356211 0.        ]
[0.         0.         0.         0.         0.         0.
 0.         0.93750075 0.        ]
