[0.         0.21849538 0.08737275 0.15722344 0.         0.26089814
 0.06997477 0.14354001 0.        ]
[0.         0.11321157 0.06893713 0.57675047 0.         0.
 0.09799733 0.08060725 0.        ]
[0.         0.10756838 0.12131596 0.         0.         0.
 0.61106657 0.09755209 0.        ]
[0.         0.09694453 0.64708673 0.         0.         0.
 0.         0.19347099 0.        ]
[0.         0.82759755 0.         0.         0.         0.
 0.         0.10990395 0.        ]
[0.         0.         0.         0.         0.         0.
 0.         0.93750075 0.        ]
