[0.         0.31135204 0.1453775  0.08044424 0.         0.22744917
 0.07898145 0.0939001  0.        ]
[0.         0.09260244 0.20559148 0.50848128 0.         0.
 0.05477074 0.0760578  0.        ]
[0.         0.10569956 0.15315557 0.         0.         0.
 0.57992774 0.09872014 0.        ]
[0.         0.03753866 0.67374928 0.         0.         0.
 0.         0.22621431 0.        ]
[0.         0.76078165 0.         0.         0.         0.
 0.         0.17671985 0.        ]
[0.         0.         0.         0.         0.         0.
 0.         0.93750075 0.        ]
