[0.         0.09066551 0.06724769 0.14929011 0.         0.20973748
 0.11256975 0.30799396 0.        ]
[0.         0.03963906 0.08010624 0.         0.         0.61626543
 0.12855956 0.07293346 0.        ]
[0.         0.04587543 0.68116809 0.         0.         0.
 0.10188066 0.10857882 0.        ]
[0.         0.09570888 0.         0.         0.         0.
 0.76748626 0.0743071  0.        ]
[0.         0.14866507 0.         0.         0.         0.
 0.         0.78883643 0.        ]
[0.         0.93750075 0.         0.         0.         0.
 0.         0.         0.        ]
