[0.         0.31670519 0.09023913 0.15599628 0.         0.22776069
 0.05342003 0.09338317 0.        ]
[0.         0.07204522 0.07732549 0.63088378 0.         0.
 0.05021858 0.10703067 0.        ]
[0.         0.10851309 0.19986246 0.         0.         0.
 0.57727529 0.05185217 0.        ]
[0.         0.06336467 0.8272342  0.         0.         0.
 0.         0.04690338 0.        ]
[0.         0.78262263 0.         0.         0.         0.
 0.         0.15487887 0.        ]
[0.         0.         0.         0.         0.         0.
 0.         0.93750075 0.        ]
