[0.         0.18617049 0.07680999 0.16914812 0.         0.24141319
 0.0647669  0.19919582 0.        ]
[0.         0.16334352 0.06079057 0.54002444 0.         0.
 0.06101628 0.11232894 0.        ]
[0.         0.08581471 0.06900225 0.         0.         0.
 0.66818509 0.11450095 0.        ]
[0.         0.20097104 0.60205746 0.         0.         0.
 0.         0.13447375 0.        ]
[0.         0.71695398 0.         0.         0.         0.
 0.         0.22054752 0.        ]
[0.         0.         0.         0.         0.         0.
 0.         0.93750075 0.        ]
