[0.         0.14113449 0.08416757 0.13934995 0.         0.17766129
 0.09258049 0.3026107  0.        ]
[0.         0.57875507 0.13736192 0.04695812 0.         0.11630398
 0.05812467 0.         0.        ]
[0.         0.         0.58860338 0.14051738 0.         0.14591229
 0.06246995 0.         0.        ]
[0.         0.         0.         0.11507815 0.         0.16303842
 0.65938568 0.         0.        ]
[0.         0.         0.         0.81269514 0.         0.12480636
 0.         0.         0.        ]
[0.         0.         0.         0.         0.         0.93750075
 0.         0.         0.        ]
