[0.         0.13601332 0.05987858 0.21436453 0.         0.27243129
 0.0774321  0.17738467 0.        ]
[0.         0.13295484 0.05698055 0.58835072 0.         0.
 0.09487553 0.0643421  0.        ]
[0.         0.08428254 0.09388636 0.         0.         0.
 0.6558987  0.1034354  0.        ]
[0.         0.11167768 0.70568417 0.         0.         0.
 0.         0.1201404  0.        ]
[0.         0.86519818 0.         0.         0.         0.
 0.         0.07230332 0.        ]
[0.         0.         0.         0.         0.         0.
 0.         0.93750075 0.        ]
