[0.         0.18358785 0.07310147 0.29637879 0.         0.20813832
 0.06259782 0.11370025 0.        ]
[0.         0.64300949 0.09020505 0.09760116 0.         0.04173457
 0.06495348 0.         0.        ]
[0.         0.         0.3671765  0.2679734  0.         0.10583245
 0.19652066 0.         0.        ]
[0.         0.         0.         0.14719682 0.         0.24247212
 0.54783331 0.         0.        ]
[0.         0.         0.         0.75038565 0.         0.18711585
 0.         0.         0.        ]
[0.         0.         0.         0.         0.         0.93750075
 0.         0.         0.        ]
