[0.         0.15143473 0.07159144 0.24275976 0.         0.23050684
 0.0563537  0.18485803 0.        ]
[0.         0.13263399 0.07098564 0.61549434 0.         0.
 0.03685861 0.08153118 0.        ]
[0.         0.14286797 0.0686023  0.         0.         0.
 0.63834268 0.08769005 0.        ]
[0.         0.15664895 0.72680473 0.         0.         0.
 0.         0.05404857 0.        ]
[0.         0.85776574 0.         0.         0.         0.
 0.         0.07973576 0.        ]
[0.         0.         0.         0.         0.         0.
 0.         0.93750075 0.        ]
