[0.         0.20597145 0.05347386 0.12341947 0.         0.20649796
 0.05836211 0.28977964 0.        ]
[0.         0.60751735 0.08648525 0.05835287 0.         0.08169504
 0.10345324 0.         0.        ]
[0.         0.         0.66056429 0.04431017 0.         0.09363826
 0.13899028 0.         0.        ]
[0.         0.         0.         0.19327855 0.         0.13866231
 0.6055614  0.         0.        ]
[0.         0.         0.         0.81954157 0.         0.11795993
 0.         0.         0.        ]
[0.         0.         0.         0.         0.         0.93750075
 0.         0.         0.        ]
