[0.         0.1822289  0.03623365 0.11664077 0.         0.28088193
 0.0823781  0.23914116 0.        ]
[0.         0.08027078 0.19228502 0.54661114 0.         0.
 0.06153674 0.05680007 0.        ]
[0.         0.08684325 0.09787801 0.         0.         0.
 0.5900905  0.16269124 0.        ]
[0.         0.06689075 0.77417197 0.         0.         0.
 0.         0.09643953 0.        ]
[0.         0.77419967 0.         0.         0.         0.
 0.         0.16330183 0.        ]
[0.         0.         0.         0.         0.         0.
 0.         0.93750075 0.        ]
