[0.         0.21037196 0.0489647  0.09416114 0.         0.35086113
 0.07770843 0.15543713 0.        ]
[0.         0.         0.12081812 0.11117573 0.         0.05238982
 0.17438398 0.4787361  0.        ]
[0.         0.         0.06161768 0.18492735 0.         0.13859976
 0.55235821 0.         0.        ]
[0.         0.         0.64830725 0.04078264 0.         0.24841236
 0.         0.         0.        ]
[0.         0.         0.         0.21747637 0.         0.72002513
 0.         0.         0.        ]
[0.         0.         0.         0.93750075 0.         0.
 0.         0.         0.        ]
