[0.         0.1734313  0.07339821 0.30533092 0.         0.12412167
 0.11941372 0.14180867 0.        ]
[0.         0.10058491 0.09343383 0.         0.         0.44582439
 0.09108132 0.2065793  0.        ]
[0.         0.07897365 0.58964832 0.         0.         0.
 0.12587045 0.14301059 0.        ]
[0.         0.16514959 0.         0.         0.         0.
 0.6751235  0.09722916 0.        ]
[0.         0.27340573 0.         0.         0.         0.
 0.         0.66409577 0.        ]
[0.         0.93750075 0.         0.         0.         0.
 0.         0.         0.        ]
