[0.         0.26681528 0.04070113 0.12554532 0.         0.24202259
 0.05339604 0.20902414 0.        ]
[0.         0.62168639 0.11694054 0.07521775 0.         0.04036019
 0.08329888 0.         0.        ]
[0.         0.         0.6701017  0.0492244  0.         0.13733916
 0.08083775 0.         0.        ]
[0.         0.         0.         0.09142809 0.         0.23818055
 0.60789361 0.         0.        ]
[0.         0.         0.         0.87203186 0.         0.06546964
 0.         0.         0.        ]
[0.         0.         0.         0.         0.         0.93750075
 0.         0.         0.        ]
