[0.         0.29168509 0.08066408 0.08464275 0.         0.24998482
 0.08279646 0.14773131 0.        ]
[0.         0.13108229 0.07362406 0.         0.         0.5605567
 0.10862476 0.06361594 0.        ]
[0.         0.05770878 0.58684193 0.         0.         0.
 0.14211044 0.15084185 0.        ]
[0.         0.07538775 0.         0.         0.         0.
 0.75720119 0.1049133  0.        ]
[0.         0.10566856 0.         0.         0.         0.
 0.         0.83183294 0.        ]
[0.         0.93750075 0.         0.         0.         0.
 0.         0.         0.        ]
