[0.         0.09254615 0.0407263  0.09269312 0.         0.24173651
 0.08448859 0.38531383 0.        ]
[0.         0.65407892 0.05100433 0.08483707 0.         0.06224939
 0.08533404 0.         0.        ]
[0.         0.         0.61745715 0.06696195 0.         0.15965267
 0.09343123 0.         0.        ]
[0.         0.         0.         0.10444963 0.         0.16700979
 0.66604283 0.         0.        ]
[0.         0.         0.         0.74656125 0.         0.19094025
 0.         0.         0.        ]
[0.         0.         0.         0.         0.         0.93750075
 0.         0.         0.        ]
