[0.         0.19665372 0.04079784 0.11886169 0.         0.23999944
 0.08430578 0.25688604 0.        ]
[0.         0.66616296 0.12983311 0.05204086 0.         0.04559333
 0.04387348 0.         0.        ]
[0.         0.         0.65141546 0.13129367 0.         0.10733466
 0.04745921 0.         0.        ]
[0.         0.         0.         0.06039767 0.         0.19149017
 0.6856144  0.         0.        ]
[0.         0.         0.         0.80211288 0.         0.13538862
 0.         0.         0.        ]
[0.         0.         0.         0.         0.         0.93750075
 0.         0.         0.        ]
