[0.         0.1969258  0.08430688 0.41864545 0.         0.094448
 0.04457971 0.09859865 0.        ]
[0.         0.16296207 0.15748002 0.         0.         0.38647365
 0.13910039 0.09148762 0.        ]
[0.         0.06559207 0.46686404 0.         0.         0.
 0.06092879 0.34411811 0.        ]
[0.         0.20242216 0.         0.         0.         0.
 0.61201586 0.12306423 0.        ]
[0.         0.12905389 0.         0.         0.         0.
 0.         0.80844761 0.        ]
[0.         0.93750075 0.         0.         0.         0.
 0.         0.         0.        ]
