[0.         0.31287123 0.09497161 0.07808181 0.         0.22857968
 0.04889027 0.1741099  0.        ]
[0.         0.         0.08898228 0.19346058 0.         0.02943634
 0.03870675 0.5869178  0.        ]
[0.         0.         0.14012902 0.08747327 0.         0.13702176
 0.57287894 0.         0.        ]
[0.         0.         0.76446249 0.09593634 0.         0.07710343
 0.         0.         0.        ]
[0.         0.         0.         0.22167837 0.         0.71582313
 0.         0.         0.        ]
[0.         0.         0.         0.93750075 0.         0.
 0.         0.         0.        ]
