[0.         0.15040151 0.07126709 0.17905005 0.         0.3026979
 0.06866562 0.16542233 0.        ]
[0.         0.09616647 0.12035685 0.         0.         0.60385103
 0.05762689 0.05950251 0.        ]
[0.         0.10910371 0.58732425 0.         0.         0.
 0.05353077 0.18754427 0.        ]
[0.         0.10701707 0.         0.         0.         0.
 0.6846468  0.14583838 0.        ]
[0.         0.16586912 0.         0.         0.         0.
 0.         0.77163238 0.        ]
[0.         0.93750075 0.         0.         0.         0.
 0.         0.         0.        ]
