[0.         0.18279633 0.09912768 0.2205619  0.         0.21191883
 0.08887387 0.1342259  0.        ]
[0.         0.06054644 0.05266332 0.         0.         0.58726169
 0.14666457 0.09036773 0.        ]
[0.         0.15017209 0.54982734 0.         0.         0.
 0.10687298 0.13063059 0.        ]
[0.         0.10816187 0.         0.         0.         0.
 0.68884729 0.14049309 0.        ]
[0.         0.16863871 0.         0.         0.         0.
 0.         0.76886279 0.        ]
[0.         0.93750075 0.         0.         0.         0.
 0.         0.         0.        ]
