[0.         0.19848708 0.0383043  0.10292131 0.         0.24149103
 0.13189048 0.2244103  0.        ]
[0.         0.61472471 0.1298045  0.08568161 0.         0.0368292
 0.07046373 0.         0.        ]
[0.         0.         0.66258011 0.12552024 0.         0.08359377
 0.06580888 0.         0.        ]
[0.         0.         0.         0.09202584 0.         0.13178379
 0.71369262 0.         0.        ]
[0.         0.         0.         0.85063765 0.         0.08686385
 0.         0.         0.        ]
[0.         0.         0.         0.         0.         0.93750075
 0.         0.         0.        ]
