[0.         0.17341297 0.0787635  0.17828614 0.         0.25168927
 0.08187324 0.17347938 0.        ]
[0.         0.53418167 0.15656692 0.09754372 0.         0.09089169
 0.05831975 0.         0.        ]
[0.         0.         0.41595316 0.15691138 0.         0.2096801
 0.15495836 0.         0.        ]
[0.         0.         0.         0.24943359 0.         0.16497038
 0.52309828 0.         0.        ]
[0.         0.         0.         0.63260575 0.         0.30489575
 0.         0.         0.        ]
[0.         0.         0.         0.         0.         0.93750075
 0.         0.         0.        ]
