[0.         0.32428006 0.0475758  0.09772065 0.         0.22452668
 0.05843564 0.18496567 0.        ]
[0.         0.5732121  0.08616764 0.15286092 0.         0.04628465
 0.07897844 0.         0.        ]
[0.         0.         0.65519854 0.06147341 0.         0.14287402
 0.07795704 0.         0.        ]
[0.         0.         0.         0.06852118 0.         0.15851485
 0.71046622 0.         0.        ]
[0.         0.         0.         0.80634692 0.         0.13115458
 0.         0.         0.        ]
[0.         0.         0.         0.         0.         0.93750075
 0.         0.         0.        ]
