[0.         0.31431095 0.05245553 0.09947099 0.         0.29112597
 0.03780353 0.14233752 0.        ]
[0.         0.         0.12127426 0.06171074 0.         0.0802706
 0.12182026 0.55242789 0.        ]
[0.         0.         0.05439007 0.17681744 0.         0.14593983
 0.56035566 0.         0.        ]
[0.         0.         0.80748321 0.03332503 0.         0.09669402
 0.         0.         0.        ]
[0.         0.         0.         0.23175678 0.         0.70574472
 0.         0.         0.        ]
[0.         0.         0.         0.93750075 0.         0.
 0.         0.         0.        ]
