[0.         0.19751602 0.11760763 0.29573212 0.         0.1170425
 0.08281474 0.12679149 0.        ]
[0.         0.         0.16678116 0.10844221 0.         0.03259658
 0.12127535 0.50840845 0.        ]
[0.         0.         0.20917365 0.27818366 0.         0.17980762
 0.27033807 0.         0.        ]
[0.         0.         0.65392816 0.13792404 0.         0.14565005
 0.         0.         0.        ]
[0.         0.         0.         0.41533455 0.         0.52216695
 0.         0.         0.        ]
[0.         0.         0.         0.93750075 0.         0.
 0.         0.         0.        ]
