[0.         0.19201063 0.03799136 0.10012063 0.         0.43275388
 0.07029614 0.10433185 0.        ]
[0.         0.16866092 0.05114367 0.54536611 0.         0.
 0.07639709 0.09593596 0.        ]
[0.         0.10659809 0.11820363 0.         0.         0.
 0.64755508 0.06514621 0.        ]
[0.         0.12341735 0.60283152 0.         0.         0.
 0.         0.21125338 0.        ]
[0.         0.87752177 0.         0.         0.         0.
 0.         0.05997973 0.        ]
[0.         0.         0.         0.         0.         0.
 0.         0.93750075 0.        ]
