[0.         0.18206823 0.12137131 0.17428528 0.         0.28187624
 0.04378253 0.13412091 0.        ]
[0.         0.         0.15393954 0.15292218 0.         0.0643668
 0.10925259 0.45702264 0.        ]
[0.         0.         0.13089338 0.15778501 0.         0.2419393
 0.4068853  0.         0.        ]
[0.         0.         0.66659748 0.13125138 0.         0.13965339
 0.         0.         0.        ]
[0.         0.         0.         0.50241437 0.         0.43508713
 0.         0.         0.        ]
[0.         0.         0.         0.93750075 0.         0.
 0.         0.         0.        ]
