[0.         0.15907969 0.10037666 0.183357   0.         0.26428546
 0.11865202 0.11175367 0.        ]
[0.         0.09477548 0.05474611 0.         0.         0.58549598
 0.13520853 0.06727765 0.        ]
[0.         0.13513323 0.5649006  0.         0.         0.
 0.10726352 0.13020564 0.        ]
[0.         0.18790564 0.         0.         0.         0.
 0.68444478 0.06515183 0.        ]
[0.         0.05706332 0.         0.         0.         0.
 0.         0.88043818 0.        ]
[0.         0.93750075 0.         0.         0.         0.
 0.         0.         0.        ]
