[0.         0.12817432 0.11045239 0.24444793 0.         0.25892411
 0.09895559 0.09655016 0.        ]
[0.         0.03421533 0.05116191 0.         0.         0.72047317
 0.05099133 0.08066201 0.        ]
[0.         0.05029559 0.70631518 0.         0.         0.
 0.06364239 0.11724985 0.        ]
[0.         0.12380401 0.         0.         0.         0.
 0.72705576 0.08664248 0.        ]
[0.         0.22099781 0.         0.         0.         0.
 0.         0.71650369 0.        ]
[0.         0.93750075 0.         0.         0.         0.
 0.         0.         0.        ]
