[0.         0.1962846  0.04013085 0.15679757 0.         0.37362783
 0.10745723 0.06320641 0.        ]
[0.         0.09133756 0.07412035 0.52020707 0.         0.
 0.07985999 0.17197878 0.        ]
[0.         0.09619605 0.13336933 0.         0.         0.
 0.64595893 0.06197868 0.        ]
[0.         0.11538254 0.63298886 0.         0.         0.
 0.         0.18913086 0.        ]
[0.         0.87324072 0.         0.         0.         0.
 0.         0.06426078 0.        ]
[0.         0.         0.         0.         0.         0.
 0.         0.93750075 0.        ]
