[0.         0.33674979 0.04458968 0.07398753 0.         0.24961379
 0.06835846 0.16420526 0.        ]
[0.         0.         0.04451057 0.11339916 0.         0.04833476
 0.10486844 0.62639083 0.        ]
[0.         0.         0.10432371 0.15664466 0.         0.08093776
 0.59559687 0.         0.        ]
[0.         0.         0.68891349 0.18789002 0.         0.06069874
 0.         0.         0.        ]
[0.         0.         0.         0.23706883 0.         0.70043267
 0.         0.         0.        ]
[0.         0.         0.         0.93750075 0.         0.
 0.         0.         0.        ]
