[0.         0.25220808 0.08543553 0.07065816 0.         0.24349834
 0.06451178 0.2211926  0.        ]
[0.         0.07909112 0.17252818 0.58163233 0.         0.
 0.06978181 0.03447031 0.        ]
[0.         0.06523795 0.08384633 0.         0.         0.
 0.59369028 0.19472845 0.        ]
[0.         0.0970075  0.67798169 0.         0.         0.
 0.         0.16251307 0.        ]
[0.        0.8680002 0.        0.        0.        0.        0.
 0.0695013 0.       ]
[0.         0.         0.         0.         0.         0.
 0.         0.93750075 0.        ]
