[0.         0.14374231 0.12044745 0.20929853 0.         0.32682022
 0.02656788 0.11062811 0.        ]
[0.         0.25151613 0.14735442 0.37786226 0.         0.
 0.06890222 0.09186873 0.        ]
[0.         0.13115719 0.15431063 0.         0.         0.
 0.54384413 0.10819105 0.        ]
[0.         0.18817554 0.49103184 0.         0.         0.
 0.         0.25829487 0.        ]
[0.         0.79374423 0.         0.         0.         0.
 0.         0.14375727 0.        ]
[0.         0.         0.         0.         0.         0.
 0.         0.93750075 0.        ]
