[0.         0.32264805 0.10356483 0.09111048 0.         0.24447113
 0.03834948 0.13736053 0.        ]
[0.         0.         0.12688631 0.07754558 0.         0.04165805
 0.14617023 0.54524358 0.        ]
[0.         0.         0.09574467 0.110764   0.         0.14165594
 0.5893384  0.         0.        ]
[0.         0.         0.7057058  0.08313336 0.         0.14866309
 0.         0.         0.        ]
[0.         0.         0.         0.15477821 0.         0.78272329
 0.         0.         0.        ]
[0.         0.         0.         0.93750075 0.         0.
 0.         0.         0.        ]
