[0.         0.14355162 0.03017465 0.12103832 0.         0.20838923
 0.04740656 0.38694412 0.        ]
[0.         0.63501887 0.07679804 0.09422945 0.         0.03619969
 0.09525771 0.         0.        ]
[0.         0.         0.65807332 0.0702812  0.         0.1191707
 0.08997778 0.         0.        ]
[0.         0.         0.         0.07846892 0.         0.26258399
 0.59644934 0.         0.        ]
[0.         0.         0.         0.73181581 0.         0.20568569
 0.         0.         0.        ]
[0.         0.         0.         0.         0.         0.93750075
 0.         0.         0.        ]
