[0.         0.26789126 0.07933592 0.09269279 0.         0.23488118
 0.09149785 0.17120549 0.        ]
[0.         0.15878769 0.10331052 0.55082252 0.         0.
 0.07345606 0.05112696 0.        ]
[0.         0.08070956 0.07975227 0.         0.         0.
 0.61765379 0.15938739 0.        ]
[0.         0.0893601  0.72729628 0.         0.         0.
 0.         0.12084586 0.        ]
[0.         0.87099019 0.         0.         0.         0.
 0.         0.06651131 0.        ]
[0.         0.         0.         0.         0.         0.
 0.         0.93750075 0.        ]
