[0.         0.40037716 0.04164847 0.07842741 0.         0.16806116
 0.0581228  0.1908675  0.        ]
[0.         0.         0.07364507 0.05252143 0.         0.15477346
 0.04574944 0.61081434 0.        ]
[0.         0.         0.11026421 0.07881315 0.         0.15118101
 0.59724463 0.         0.        ]
[0.         0.         0.8476894  0.04336891 0.         0.04644394
 0.         0.         0.        ]
[0.         0.         0.         0.20644753 0.         0.73105397
 0.         0.         0.        ]
[0.         0.         0.         0.93750075 0.         0.
 0.         0.         0.        ]
