[0.         0.27519677 0.09593994 0.09735545 0.         0.20851612
 0.03436012 0.2261361  0.        ]
[0.         0.         0.08320037 0.07497076 0.         0.07761028
 0.10857073 0.59315161 0.        ]
[0.         0.         0.16588595 0.09914032 0.         0.15558663
 0.5168901  0.         0.        ]
[0.         0.         0.66189812 0.12474012 0.         0.15086401
 0.         0.         0.        ]
[0.         0.         0.         0.09473533 0.         0.84276617
 0.         0.         0.        ]
[0.         0.         0.         0.93750075 0.         0.
 0.         0.         0.        ]
