[0.         0.15475497 0.16349386 0.12043483 0.         0.17819378
 0.0495667  0.27106035 0.        ]
[0.         0.12007747 0.08296083 0.         0.         0.61495572
 0.05166856 0.06784116 0.        ]
[0.         0.12506652 0.65222772 0.         0.         0.
 0.04534184 0.11486692 0.        ]
[0.         0.03411655 0.         0.         0.         0.
 0.68178789 0.22159782 0.        ]
[0.         0.08042327 0.         0.         0.         0.
 0.         0.85707823 0.        ]
[0.         0.93750075 0.         0.         0.         0.
 0.         0.         0.        ]
