[0.         0.19709383 0.04230473 0.13512654 0.         0.1865743
 0.06082189 0.31558322 0.        ]
[0.         0.54360111 0.15580851 0.13015168 0.         0.04772503
 0.06021742 0.         0.        ]
[0.         0.         0.63571772 0.05438343 0.         0.14541762
 0.10198423 0.         0.        ]
[0.         0.         0.         0.06858579 0.         0.17921951
 0.68969695 0.         0.        ]
[0.         0.         0.         0.86264427 0.         0.07485723
 0.         0.         0.        ]
[0.         0.         0.         0.         0.         0.93750075
 0.         0.         0.        ]
