[0.         0.25268329 0.03434134 0.14236908 0.         0.30197653
 0.06627142 0.13986284 0.        ]
[0.         0.         0.09032006 0.080378   0.         0.12438814
 0.0599131  0.58250445 0.        ]
[0.         0.         0.04918444 0.05184869 0.         0.11871065
 0.71775922 0.         0.        ]
[0.         0.         0.68956946 0.17444883 0.         0.07348396
 0.         0.         0.        ]
[0.         0.         0.         0.13968414 0.         0.79781736
 0.         0.         0.        ]
[0.         0.         0.         0.93750075 0.         0.
 0.         0.         0.        ]
