[0.         0.19479146 0.04544286 0.15569428 0.         0.28625722
 0.04050729 0.21481139 0.        ]
[0.         0.07900769 0.09167514 0.67610785 0.         0.
 0.05620838 0.03450468 0.        ]
[0.         0.06424156 0.15672682 0.         0.         0.
 0.61322609 0.10330854 0.        ]
[0.         0.13185223 0.70638689 0.         0.         0.
 0.         0.09926314 0.        ]
[0.         0.78040745 0.         0.         0.         0.
 0.         0.15709405 0.        ]
[0.         0.         0.         0.         0.         0.
 0.         0.93750075 0.        ]
