[0.         0.18277774 0.09983707 0.21068184 0.         0.27224795
 0.05360331 0.11835659 0.        ]
[0.         0.06319543 0.0572243  0.         0.         0.62095329
 0.11820223 0.07792849 0.        ]
[0.         0.05808781 0.57047173 0.         0.         0.
 0.19348961 0.11545384 0.        ]
[0.         0.1168549  0.         0.         0.         0.
 0.7569974  0.06364995 0.        ]
[0.         0.19042819 0.         0.         0.         0.
 0.         0.74707331 0.        ]
[0.         0.93750075 0.         0.         0.         0.
 0.         0.         0.        ]
