[0.         0.14555479 0.10065254 0.12207708 0.         0.17408601
 0.08169902 0.31343506 0.        ]
[0.         0.54954387 0.12984358 0.06815212 0.         0.11455139
 0.07541279 0.         0.        ]
[0.         0.         0.66627688 0.06475355 0.         0.07181896
 0.13465361 0.         0.        ]
[0.         0.         0.         0.06425755 0.         0.24893762
 0.62430708 0.         0.        ]
[0.         0.         0.         0.75604672 0.         0.18145478
 0.         0.         0.        ]
[0.         0.         0.         0.         0.         0.93750075
 0.         0.         0.        ]
