[0.         0.20554462 0.06943801 0.10833811 0.         0.23370324
 0.03912873 0.28135178 0.        ]
[0.         0.         0.11561855 0.09152523 0.         0.09573786
 0.05363075 0.58099136 0.        ]
[0.         0.         0.0957709  0.10451715 0.         0.27297865
 0.4642363  0.         0.        ]
[0.         0.         0.76193743 0.09322229 0.         0.08234253
 0.         0.         0.        ]
[0.         0.         0.         0.05397676 0.         0.88352474
 0.         0.         0.        ]
[0.         0.         0.         0.93750075 0.         0.
 0.         0.         0.        ]
