[0.         0.21100139 0.09497386 0.26232598 0.         0.21499671
 0.05361596 0.1005906  0.        ]
[0.         0.1092771  0.10235795 0.         0.         0.56546362
 0.09884625 0.06155882 0.        ]
[0.         0.07591146 0.64806772 0.         0.         0.
 0.11025348 0.10327034 0.        ]
[0.         0.14156067 0.         0.         0.         0.
 0.70918564 0.08675594 0.        ]
[0.         0.07856873 0.         0.         0.         0.
 0.         0.85893277 0.        ]
[0.         0.93750075 0.         0.         0.         0.
 0.         0.         0.        ]
