[0.         0.21613448 0.06564287 0.09878557 0.         0.29286122
 0.06433689 0.19974347 0.        ]
[0.         0.         0.18114781 0.07773468 0.         0.07030264
 0.05635418 0.55196444 0.        ]
[0.         0.         0.09394693 0.17203427 0.         0.14339826
 0.52812354 0.         0.        ]
[0.         0.         0.69501636 0.14822414 0.         0.09426175
 0.         0.         0.        ]
[0.         0.         0.         0.20557979 0.         0.73192171
 0.         0.         0.        ]
[0.         0.         0.         0.93750075 0.         0.
 0.         0.         0.        ]
