[0.         0.27040522 0.05738909 0.10547935 0.         0.30340352
 0.04639165 0.15443567 0.        ]
[0.         0.         0.11780982 0.09358245 0.         0.07826171
 0.06039944 0.58745033 0.        ]
[0.         0.         0.11337958 0.14794149 0.         0.14118077
 0.53500116 0.         0.        ]
[0.         0.         0.8349033  0.053682   0.         0.04891694
 0.         0.         0.        ]
[0.         0.         0.         0.07124054 0.         0.86626096
 0.         0.         0.        ]
[0.         0.         0.         0.93750075 0.         0.
 0.         0.         0.        ]
