[0.         0.20338556 0.05578212 0.18221927 0.         0.23884068
 0.08339892 0.17387795 0.        ]
[0.         0.04947639 0.09582499 0.63396105 0.         0.
 0.05950052 0.0987408  0.        ]
[0.         0.09849657 0.11932198 0.         0.         0.
 0.62943613 0.09024832 0.        ]
[0.         0.25200967 0.60568188 0.         0.         0.
 0.         0.0798107  0.        ]
[0.         0.74968782 0.         0.         0.         0.
 0.         0.18781368 0.        ]
[0.         0.         0.         0.         0.         0.
 0.         0.93750075 0.        ]
