[0.         0.24291745 0.09224589 0.10097161 0.         0.21301172
 0.04118695 0.24717087 0.        ]
[0.         0.0890974  0.06772227 0.57504874 0.         0.
 0.0766721  0.12896324 0.        ]
[0.         0.08956332 0.07647155 0.         0.         0.
 0.66646919 0.10499894 0.        ]
[0.         0.09018712 0.6952506  0.         0.         0.
 0.         0.15206453 0.        ]
[0.         0.82006539 0.         0.         0.         0.
 0.         0.11743611 0.        ]
[0.         0.         0.         0.         0.         0.
 0.         0.93750075 0.        ]
