[0.         0.22094748 0.19052468 0.20229272 0.         0.16834784
 0.05733837 0.09805341 0.        ]
[0.         0.04815901 0.12627371 0.         0.         0.60269447
 0.09451582 0.06586074 0.        ]
[0.         0.1422841  0.62594457 0.         0.         0.
 0.09684162 0.07243271 0.        ]
[0.         0.0464841  0.         0.         0.         0.
 0.70112106 0.18989709 0.        ]
[0.        0.1436542 0.        0.        0.        0.        0.
 0.7938473 0.       ]
[0.         0.93750075 0.         0.         0.         0.
 0.         0.         0.        ]
