[0.         0.19823259 0.04803631 0.13038726 0.         0.22444111
 0.03285859 0.30354865 0.        ]
[0.         0.60920638 0.07398623 0.08537227 0.         0.07232266
 0.09661622 0.         0.        ]
[0.         0.         0.65696243 0.12597741 0.         0.09155981
 0.06300336 0.         0.        ]
[0.         0.         0.         0.18514191 0.         0.13712679
 0.61523355 0.         0.        ]
[0.         0.         0.         0.81624595 0.         0.12125555
 0.         0.         0.        ]
[0.         0.         0.         0.         0.         0.93750075
 0.         0.         0.        ]
