[0.         0.38504852 0.03419054 0.07278683 0.         0.22416046
 0.04073927 0.18057888 0.        ]
[0.         0.         0.07600436 0.04357373 0.         0.13996471
 0.0649963  0.61296466 0.        ]
[0.         0.         0.12382093 0.05576777 0.         0.06764618
 0.69026812 0.         0.        ]
[0.         0.         0.66551017 0.14200834 0.         0.12998375
 0.         0.         0.        ]
[0.         0.         0.         0.17920373 0.         0.75829777
 0.         0.         0.        ]
[0.         0.         0.         0.93750075 0.         0.
 0.         0.         0.        ]
