[0.         0.17700231 0.0230536  0.10866098 0.         0.25579111
 0.05930464 0.31369185 0.        ]
[0.         0.47850603 0.10647302 0.11228833 0.         0.16222845
 0.07800791 0.         0.        ]
[0.         0.         0.55409483 0.10057045 0.         0.152184
 0.13065371 0.         0.        ]
[0.         0.         0.         0.10330237 0.         0.29373935
 0.54046053 0.         0.        ]
[0.        0.        0.        0.7131069 0.        0.2243946 0.
 0.        0.       ]
[0.         0.         0.         0.         0.         0.93750075
 0.         0.         0.        ]
