[0.         0.18881857 0.15284072 0.07800371 0.         0.256796
 0.04658611 0.21445939 0.        ]
[0.         0.13772624 0.0530517  0.64101945 0.         0.
 0.06796389 0.03774246 0.        ]
[0.         0.13486354 0.10131589 0.         0.         0.
 0.64597604 0.05534754 0.        ]
[0.         0.06599168 0.81115197 0.         0.         0.
 0.         0.06035861 0.        ]
[0.         0.82354571 0.         0.         0.         0.
 0.         0.11395579 0.        ]
[0.         0.         0.         0.         0.         0.
 0.         0.93750075 0.        ]
