[0.         0.17416628 0.04528511 0.09683375 0.         0.28518002
 0.06933392 0.26670541 0.        ]
[0.         0.0630347  0.09353241 0.6207759  0.         0.
 0.11685204 0.04330871 0.        ]
[0.         0.12364237 0.06543616 0.         0.         0.
 0.66936788 0.0790566  0.        ]
[0.         0.07125773 0.71684682 0.         0.         0.
 0.         0.1493977  0.        ]
[0.         0.82421518 0.         0.         0.         0.
 0.         0.11328632 0.        ]
[0.         0.         0.         0.         0.         0.
 0.         0.93750075 0.        ]
