[0.         0.34455481 0.04924528 0.07179349 0.         0.23673956
 0.05206174 0.18310962 0.        ]
[0.         0.         0.08665541 0.06627581 0.         0.07275187
 0.09980864 0.61201202 0.        ]
[0.         0.         0.10823691 0.14846111 0.         0.05749486
 0.62331013 0.         0.        ]
[0.         0.         0.67252915 0.16121653 0.         0.10375657
 0.         0.         0.        ]
[0.         0.         0.         0.26278218 0.         0.67471932
 0.         0.         0.        ]
[0.         0.         0.         0.93750075 0.         0.
 0.         0.         0.        ]
