[0.         0.26700861 0.03194277 0.107953   0.         0.28510296
 0.09042376 0.1550734  0.        ]
[0.         0.09465677 0.08702112 0.56097051 0.         0.
 0.11628199 0.07857336 0.        ]
[0.         0.12001154 0.13419308 0.         0.         0.
 0.60567551 0.07762287 0.        ]
[0.         0.07453562 0.66523099 0.         0.         0.
 0.         0.19773564 0.        ]
[0.         0.82963362 0.         0.         0.         0.
 0.         0.10786788 0.        ]
[0.         0.         0.         0.         0.         0.
 0.         0.93750075 0.        ]
