[0.         0.28914286 0.11312428 0.19582421 0.         0.16881576
 0.08117755 0.08941983 0.        ]
[0.         0.51363549 0.09498086 0.10388886 0.         0.0638551
 0.16114343 0.         0.        ]
[0.         0.         0.49645862 0.08021285 0.         0.20483501
 0.15599652 0.         0.        ]
[0.         0.         0.         0.09445506 0.         0.20659512
 0.63645207 0.         0.        ]
[0.         0.         0.         0.82515359 0.         0.11234791
 0.         0.         0.        ]
[0.         0.         0.         0.         0.         0.93750075
 0.         0.         0.        ]
