[0.         0.2953818  0.08114063 0.10866433 0.         0.2735053
 0.09418637 0.08462607 0.        ]
[0.         0.         0.12247909 0.14702108 0.         0.05226934
 0.04646183 0.56927241 0.        ]
[0.         0.         0.05455499 0.08709712 0.         0.25934787
 0.53650302 0.         0.        ]
[0.         0.         0.74600578 0.12381243 0.         0.06768404
 0.         0.         0.        ]
[0.         0.         0.         0.25245517 0.         0.68504633
 0.         0.         0.        ]
[0.         0.         0.         0.93750075 0.         0.
 0.         0.         0.        ]
