[0.         0.28309185 0.09157695 0.15032342 0.         0.25082516
 0.08504079 0.07664632 0.        ]
[0.         0.64507125 0.03280264 0.06098587 0.         0.15057187
 0.04807211 0.         0.        ]
[0.         0.         0.44544253 0.15669095 0.         0.10679831
 0.22857121 0.         0.        ]
[0.         0.         0.         0.20937135 0.         0.13161076
 0.59652014 0.         0.        ]
[0.         0.         0.         0.81364503 0.         0.12385647
 0.         0.         0.        ]
[0.         0.         0.         0.         0.         0.93750075
 0.         0.         0.        ]
