[0.         0.21333871 0.10998256 0.22679487 0.         0.18385913
 0.07169412 0.1318351  0.        ]
[0.         0.         0.12941132 0.17942191 0.         0.04472359
 0.13752695 0.44641998 0.        ]
[0.         0.         0.12839767 0.17209779 0.         0.20560337
 0.43140418 0.         0.        ]
[0.         0.         0.57149192 0.16427405 0.         0.20173629
 0.         0.         0.        ]
[0.         0.         0.         0.26042296 0.         0.67707854
 0.         0.         0.        ]
[0.         0.         0.         0.93750075 0.         0.
 0.         0.         0.        ]
