[0.         0.13281394 0.05305517 0.16202149 0.         0.24904396
 0.04365443 0.29691551 0.        ]
[0.         0.05127766 0.07002911 0.         0.         0.6805443
 0.04823999 0.08741269 0.        ]
[0.         0.05070202 0.74020112 0.         0.         0.
 0.05250783 0.09409203 0.        ]
[0.         0.065894   0.         0.         0.         0.
 0.68881107 0.18279719 0.        ]
[0.         0.19143696 0.         0.         0.         0.
 0.         0.74606454 0.        ]
[0.         0.93750075 0.         0.         0.         0.
 0.         0.         0.        ]
