[0.         0.38129067 0.05020518 0.12075653 0.         0.22987358
 0.05684157 0.09853696 0.        ]
[0.         0.11671934 0.15861089 0.52035822 0.         0.
 0.0650823  0.076733   0.        ]
[0.         0.20128423 0.12233343 0.         0.         0.
 0.55006529 0.06382005 0.        ]
[0.         0.11405756 0.67984947 0.         0.         0.
 0.         0.14359522 0.        ]
[0.         0.77051208 0.         0.         0.         0.
 0.         0.16698942 0.        ]
[0.         0.         0.         0.         0.         0.
 0.         0.93750075 0.        ]
