[0.         0.16589826 0.0590317  0.17213903 0.         0.25999927
 0.03586805 0.24456818 0.        ]
[0.         0.13463468 0.05784633 0.58057571 0.         0.
 0.05713592 0.10731112 0.        ]
[0.         0.08327347 0.07444649 0.         0.         0.
 0.59171073 0.18807232 0.        ]
[0.         0.15753983 0.73236435 0.         0.         0.
 0.         0.04759806 0.        ]
[0.         0.86007163 0.         0.         0.         0.
 0.         0.07742987 0.        ]
[0.         0.         0.         0.         0.         0.
 0.         0.93750075 0.        ]
