[0.         0.27838682 0.0376816  0.08144688 0.         0.24610173
 0.10238652 0.19150095 0.        ]
[0.         0.         0.04977743 0.03926526 0.         0.08085633
 0.12752148 0.64008326 0.        ]
[0.         0.         0.09441522 0.09546979 0.         0.14750432
 0.60011367 0.         0.        ]
[0.         0.         0.71245411 0.13819444 0.         0.0868537
 0.         0.         0.        ]
[0.         0.         0.         0.14391342 0.         0.79358808
 0.         0.         0.        ]
[0.         0.         0.         0.93750075 0.         0.
 0.         0.         0.        ]
