[0.         0.26152456 0.09425055 0.13903676 0.         0.24779367
 0.05020758 0.14469138 0.        ]
[0.         0.         0.12620307 0.09805879 0.         0.03800974
 0.15812628 0.51710587 0.        ]
[0.         0.         0.08043491 0.09822616 0.         0.12595615
 0.63288578 0.         0.        ]
[0.         0.         0.6880595  0.04415869 0.         0.20528406
 0.         0.         0.        ]
[0.        0.        0.        0.1207417 0.        0.8167598 0.
 0.        0.       ]
[0.         0.         0.         0.93750075 0.         0.
 0.         0.         0.        ]
