[0.         0.18272136 0.07721681 0.11140576 0.         0.27113254
 0.03330384 0.26172418 0.        ]
[0.         0.07800026 0.07346149 0.5565877  0.         0.
 0.07172161 0.15773269 0.        ]
[0.         0.08100273 0.21876959 0.         0.         0.
 0.590238   0.04749268 0.        ]
[0.         0.09856261 0.75994757 0.         0.         0.
 0.         0.07899206 0.        ]
[0.        0.7777747 0.        0.        0.        0.        0.
 0.1597268 0.       ]
[0.         0.         0.         0.         0.         0.
 0.         0.93750075 0.        ]
