[0.         0.36225976 0.08135162 0.06763727 0.         0.23570975
 0.09995216 0.09059394 0.        ]
[0.         0.06113069 0.15916834 0.         0.         0.59082356
 0.04763996 0.0787412  0.        ]
[0.         0.07635955 0.63573005 0.         0.         0.
 0.10940984 0.11600356 0.        ]
[0.         0.16391113 0.         0.         0.         0.
 0.61460352 0.15898761 0.        ]
[0.         0.09464636 0.         0.         0.         0.
 0.         0.84285514 0.        ]
[0.         0.93750075 0.         0.         0.         0.
 0.         0.         0.        ]
