[0.         0.15648042 0.05746143 0.07942779 0.         0.1970216
 0.12203972 0.32507354 0.        ]
[0.         0.11924652 0.09943279 0.59713336 0.         0.
 0.07189414 0.04979694 0.        ]
[0.         0.07403542 0.09924476 0.         0.         0.
 0.61452913 0.14969369 0.        ]
[0.         0.0354386  0.7989243  0.         0.         0.
 0.         0.10313935 0.        ]
[0.         0.81698385 0.         0.         0.         0.
 0.         0.12051765 0.        ]
[0.         0.         0.         0.         0.         0.
 0.         0.93750075 0.        ]
