[0.         0.32514864 0.04594603 0.07965895 0.         0.19286856
 0.08728127 0.20660105 0.        ]
[0.         0.         0.04868838 0.05025419 0.         0.16749563
 0.06460016 0.60646539 0.        ]
[0.         0.         0.05599217 0.10777631 0.         0.07142213
 0.70231238 0.         0.        ]
[0.         0.         0.74076549 0.05824368 0.         0.13849308
 0.         0.         0.        ]
[0.         0.         0.         0.15042729 0.         0.78707421
 0.         0.         0.        ]
[0.         0.         0.         0.93750075 0.         0.
 0.         0.         0.        ]
