[0.         0.25188625 0.09644218 0.09709703 0.         0.26145926
 0.05655695 0.17406283 0.        ]
[0.         0.1706572  0.13757468 0.48243275 0.         0.
 0.10934615 0.03749297 0.        ]
[0.         0.12527784 0.06230681 0.         0.         0.
 0.71404225 0.0358761  0.        ]
[0.         0.11258746 0.73504982 0.         0.         0.
 0.         0.08986497 0.        ]
[0.         0.89478062 0.         0.         0.         0.
 0.         0.04272088 0.        ]
[0.         0.         0.         0.         0.         0.
 0.         0.93750075 0.        ]
