[0.         0.22755941 0.13266328 0.21481974 0.         0.17575178
 0.07903175 0.10767853 0.        ]
[0.         0.08914962 0.06824509 0.         0.         0.61124642
 0.11843242 0.0504302  0.        ]
[0.         0.12289853 0.61788936 0.         0.         0.
 0.06214411 0.134571   0.        ]
[0.         0.06594549 0.         0.         0.         0.
 0.75639497 0.11516179 0.        ]
[0.         0.09004972 0.         0.         0.         0.
 0.         0.84745178 0.        ]
[0.         0.93750075 0.         0.         0.         0.
 0.         0.         0.        ]
