[0.         0.30940167 0.09531717 0.10921682 0.         0.22183268
 0.09516829 0.10656787 0.        ]
[0.         0.         0.1017264  0.04282157 0.         0.03901721
 0.09444681 0.65949176 0.        ]
[0.         0.         0.07461522 0.10114965 0.         0.23505069
 0.52668744 0.         0.        ]
[0.         0.         0.66011958 0.10156789 0.         0.17581478
 0.         0.         0.        ]
[0.         0.         0.         0.14994934 0.         0.78755216
 0.         0.         0.        ]
[0.         0.         0.         0.93750075 0.         0.
 0.         0.         0.        ]
