[0.         0.22404551 0.06278795 0.09312391 0.         0.27431732
 0.04973273 0.2334971  0.        ]
[0.         0.08675938 0.09809191 0.57302337 0.         0.
 0.14069683 0.03893226 0.        ]
[0.         0.16725534 0.11629405 0.         0.         0.
 0.58863287 0.06532075 0.        ]
[0.         0.11162335 0.7828167  0.         0.         0.
 0.         0.04306219 0.        ]
[0.         0.76352012 0.         0.         0.         0.
 0.         0.17398138 0.        ]
[0.         0.         0.         0.         0.         0.
 0.         0.93750075 0.        ]
