[0.         0.21589478 0.08155641 0.26234445 0.         0.12347985
 0.068951   0.18527802 0.        ]
[0.         0.55988171 0.07288551 0.09166755 0.         0.10003578
 0.11303318 0.         0.        ]
[0.         0.         0.37000119 0.25421955 0.         0.14321514
 0.17006712 0.         0.        ]
[0.         0.         0.         0.14303802 0.         0.23577918
 0.55868505 0.         0.        ]
[0.         0.         0.         0.84849828 0.         0.08900322
 0.         0.         0.        ]
[0.         0.         0.         0.         0.         0.93750075
 0.         0.         0.        ]
