[0.         0.27490991 0.07577802 0.09618307 0.         0.24822857
 0.10092269 0.14148224 0.        ]
[0.         0.09118334 0.08156081 0.         0.         0.61550105
 0.05931385 0.0899447  0.        ]
[0.         0.0605536  0.46370493 0.         0.         0.
 0.0737522  0.33949226 0.        ]
[0.         0.15192358 0.         0.         0.         0.
 0.64200553 0.14357314 0.        ]
[0.         0.07515806 0.         0.         0.         0.
 0.         0.86234344 0.        ]
[0.         0.93750075 0.         0.         0.         0.
 0.         0.         0.        ]
