[0.         0.21731587 0.06668077 0.17795213 0.         0.269832
 0.07249247 0.13323126 0.        ]
[0.         0.         0.14897516 0.05757987 0.         0.03803379
 0.17602309 0.51689183 0.        ]
[0.         0.         0.07603102 0.1219602  0.         0.16008373
 0.57942806 0.         0.        ]
[0.         0.         0.65306096 0.05555805 0.         0.22888324
 0.         0.         0.        ]
[0.         0.         0.         0.09666392 0.         0.84083758
 0.         0.         0.        ]
[0.         0.         0.         0.93750075 0.         0.
 0.         0.         0.        ]
