[0.         0.36173207 0.03525418 0.07849018 0.         0.24153741
 0.06425844 0.15623222 0.        ]
[0.         0.         0.05390135 0.03772369 0.         0.09235153
 0.03992155 0.71360562 0.        ]
[0.         0.         0.08024142 0.07483719 0.         0.13349783
 0.64892656 0.         0.        ]
[0.         0.         0.72863002 0.10974173 0.         0.0991305
 0.         0.         0.        ]
[0.         0.         0.         0.29436991 0.         0.64313159
 0.         0.         0.        ]
[0.         0.         0.         0.93750075 0.         0.
 0.         0.         0.        ]
