[0.         0.44791587 0.06256206 0.11476641 0.         0.17112344
 0.03469218 0.10644454 0.        ]
[0.         0.07743794 0.21573242 0.         0.         0.53720187
 0.04061927 0.06651226 0.        ]
[0.         0.06290189 0.60709204 0.         0.         0.
 0.07823663 0.18927244 0.        ]
[0.         0.11078669 0.         0.         0.         0.
 0.66852516 0.1581904  0.        ]
[0.         0.10997397 0.         0.         0.         0.
 0.         0.82752753 0.        ]
[0.         0.93750075 0.         0.         0.         0.
 0.         0.         0.        ]
