[0.         0.2127393  0.10832313 0.18774892 0.         0.23792959
 0.0900303  0.10073326 0.        ]
[0.         0.08814619 0.03936129 0.58726633 0.         0.
 0.13028348 0.09244646 0.        ]
[0.         0.04828649 0.1104066  0.         0.         0.
 0.61189746 0.16691245 0.        ]
[0.         0.0942483  0.74916837 0.         0.         0.
 0.         0.09408558 0.        ]
[0.        0.7600406 0.        0.        0.        0.        0.
 0.1774609 0.       ]
[0.         0.         0.         0.         0.         0.
 0.         0.93750075 0.        ]
