[0.         0.1782931  0.04462055 0.12770045 0.         0.32545465
 0.06063137 0.20080438 0.        ]
[0.         0.         0.11863907 0.11552251 0.         0.03607078
 0.06450644 0.60276496 0.        ]
[0.         0.         0.09368458 0.0900694  0.         0.1643659
 0.58938311 0.         0.        ]
[0.         0.         0.76009626 0.05908669 0.         0.11831929
 0.         0.         0.        ]
[0.         0.         0.         0.26330912 0.         0.67419238
 0.         0.         0.        ]
[0.         0.         0.         0.93750075 0.         0.
 0.         0.         0.        ]
