[0.         0.24454213 0.03304568 0.1244883  0.         0.2780158
 0.11589832 0.14151426 0.        ]
[0.         0.12761471 0.13803402 0.55431477 0.         0.
 0.05187979 0.06566045 0.        ]
[0.         0.1035041  0.13563204 0.         0.         0.
 0.58362016 0.11474669 0.        ]
[0.         0.11474916 0.69392614 0.         0.         0.
 0.         0.12882695 0.        ]
[0.         0.76784399 0.         0.         0.         0.
 0.         0.16965751 0.        ]
[0.         0.         0.         0.         0.         0.
 0.         0.93750075 0.        ]
