[0.         0.32581819 0.08557471 0.08070884 0.         0.19767271
 0.07212293 0.17560712 0.        ]
[0.         0.63931805 0.10309711 0.03680975 0.         0.02765909
 0.13061975 0.         0.        ]
[0.         0.         0.56286878 0.11855397 0.         0.13046538
 0.12561487 0.         0.        ]
[0.         0.         0.         0.13738032 0.         0.20693022
 0.59319171 0.         0.        ]
[0.         0.         0.         0.77014017 0.         0.16736133
 0.         0.         0.        ]
[0.         0.         0.         0.         0.         0.93750075
 0.         0.         0.        ]
