[0.         0.29072756 0.10571551 0.32158532 0.         0.07575985
 0.04690839 0.09680787 0.        ]
[0.         0.54316655 0.08579269 0.14901707 0.         0.06256197
 0.09696547 0.         0.        ]
[0.         0.         0.34387523 0.27162153 0.         0.20499351
 0.11701273 0.         0.        ]
[0.         0.         0.         0.16385474 0.         0.13804461
 0.6356029  0.         0.        ]
[0.         0.         0.         0.74556256 0.         0.19193894
 0.         0.         0.        ]
[0.         0.         0.         0.         0.         0.93750075
 0.         0.         0.        ]
