[0.         0.27726789 0.12010722 0.10206042 0.         0.24708353
 0.06730002 0.12368542 0.        ]
[0.         0.         0.11101906 0.04693129 0.         0.04591357
 0.11332813 0.62031169 0.        ]
[0.         0.         0.08860611 0.05934189 0.         0.15121221
 0.63834279 0.         0.        ]
[0.         0.         0.65477139 0.12374102 0.         0.15898984
 0.         0.         0.        ]
[0.         0.         0.         0.24522273 0.         0.69227877
 0.         0.         0.        ]
[0.         0.         0.         0.93750075 0.         0.
 0.         0.         0.        ]
