[0.         0.293683   0.10169806 0.20574703 0.         0.1434481
 0.07506132 0.11786698 0.        ]
[0.         0.         0.16064753 0.07931163 0.         0.09317906
 0.13724897 0.46711656 0.        ]
[0.         0.         0.22770494 0.12773291 0.         0.14003877
 0.44202637 0.         0.        ]
[0.         0.         0.70903149 0.10515232 0.         0.12331844
 0.         0.         0.        ]
[0.         0.         0.         0.33439694 0.         0.60310456
 0.         0.         0.        ]
[0.         0.         0.         0.93750075 0.         0.
 0.         0.         0.        ]
