[0.         0.21427444 0.06518495 0.15665624 0.         0.17079865
 0.04533106 0.28525916 0.        ]
[0.         0.0916481  0.06820079 0.         0.         0.60730449
 0.0934726  0.07687778 0.        ]
[0.         0.03638916 0.60519853 0.         0.         0.
 0.13892357 0.15699174 0.        ]
[0.         0.06691311 0.         0.         0.         0.
 0.71500595 0.15558319 0.        ]
[0.         0.23830569 0.         0.         0.         0.
 0.         0.69919581 0.        ]
[0.         0.93750075 0.         0.         0.         0.
 0.         0.         0.        ]
