[0.         0.37350835 0.05196614 0.0736654  0.         0.2181735
 0.11097377 0.10921734 0.        ]
[0.         0.         0.09073987 0.08563535 0.         0.10905801
 0.03651919 0.61555133 0.        ]
[0.         0.         0.08835204 0.14180941 0.         0.09309006
 0.61425149 0.         0.        ]
[0.         0.         0.70802403 0.11132815 0.         0.11815007
 0.         0.         0.        ]
[0.         0.         0.         0.13620104 0.         0.80130046
 0.         0.         0.        ]
[0.         0.         0.         0.93750075 0.         0.
 0.         0.         0.        ]
