[0.         0.16364849 0.10694429 0.11598357 0.         0.24771125
 0.10022595 0.20299093 0.        ]
[0.         0.06625624 0.05464509 0.61640035 0.         0.
 0.13779915 0.06240292 0.        ]
[0.         0.14468438 0.0599759  0.         0.         0.
 0.63867775 0.09416497 0.        ]
[0.         0.16266827 0.71320544 0.         0.         0.
 0.         0.06162854 0.        ]
[0.         0.74100998 0.         0.         0.         0.
 0.         0.19649152 0.        ]
[0.         0.         0.         0.         0.         0.
 0.         0.93750075 0.        ]
