[0.         0.40147442 0.05834141 0.11839153 0.         0.24513573
 0.03567592 0.07848549 0.        ]
[0.         0.         0.07453018 0.10669666 0.         0.09479899
 0.04326322 0.61821471 0.        ]
[0.         0.         0.06093323 0.10314093 0.         0.13545991
 0.63796892 0.         0.        ]
[0.         0.         0.76517072 0.08239535 0.         0.08993618
 0.         0.         0.        ]
[0.         0.         0.         0.36722749 0.         0.57027401
 0.         0.         0.        ]
[0.         0.         0.         0.93750075 0.         0.
 0.         0.         0.        ]
