[0.         0.25257131 0.10177117 0.17807256 0.         0.21222317
 0.07429493 0.11857135 0.        ]
[0.         0.         0.14639676 0.12884746 0.         0.02861999
 0.06910629 0.56453325 0.        ]
[0.         0.         0.11855841 0.20218225 0.         0.14004691
 0.47671543 0.         0.        ]
[0.         0.         0.75413742 0.06498891 0.         0.11837592
 0.         0.         0.        ]
[0.         0.         0.         0.33598206 0.         0.60151944
 0.         0.         0.        ]
[0.         0.         0.         0.93750075 0.         0.
 0.         0.         0.        ]
