[0.         0.33621057 0.03436073 0.05069865 0.         0.18910345
 0.074807   0.2523241  0.        ]
[0.         0.63356238 0.11487656 0.08553067 0.         0.03298591
 0.07054822 0.         0.        ]
[0.         0.         0.47843102 0.19376637 0.         0.14698186
 0.11832375 0.         0.        ]
[0.         0.         0.         0.10414221 0.         0.20793871
 0.62542133 0.         0.        ]
[0.         0.         0.         0.74132675 0.         0.19617475
 0.         0.         0.        ]
[0.         0.         0.         0.         0.         0.93750075
 0.         0.         0.        ]
