[0.         0.19084847 0.11809339 0.17124778 0.         0.28706498
 0.0598777  0.11037218 0.        ]
[0.         0.14148    0.06246906 0.54118992 0.         0.
 0.07390938 0.11845538 0.        ]
[0.         0.10842249 0.08647321 0.         0.         0.
 0.57568    0.16692731 0.        ]
[0.         0.1294041  0.68461249 0.         0.         0.
 0.         0.12348566 0.        ]
[0.        0.7472415 0.        0.        0.        0.        0.
 0.19026   0.       ]
[0.         0.         0.         0.         0.         0.
 0.         0.93750075 0.        ]
