[0.         0.21267101 0.11378064 0.12986007 0.         0.23729562
 0.08170177 0.16219539 0.        ]
[0.         0.12456184 0.05351247 0.57432773 0.         0.
 0.03962498 0.14547673 0.        ]
[0.         0.08757044 0.12455206 0.         0.         0.
 0.53848196 0.18689854 0.        ]
[0.         0.17019382 0.63875707 0.         0.         0.
 0.         0.12855135 0.        ]
[0.         0.90079956 0.         0.         0.         0.
 0.         0.03670194 0.        ]
[0.         0.         0.         0.         0.         0.
 0.         0.93750075 0.        ]
