[0.         0.32076735 0.06240788 0.12475444 0.         0.23932265
 0.06553407 0.12471811 0.        ]
[0.         0.08374926 0.06266564 0.57890097 0.         0.
 0.07870626 0.13348162 0.        ]
[0.         0.07627621 0.1768059  0.         0.         0.
 0.6360013  0.0484196  0.        ]
[0.         0.1372693  0.62637579 0.         0.         0.
 0.         0.17385716 0.        ]
[0.         0.79717359 0.         0.         0.         0.
 0.         0.14032791 0.        ]
[0.         0.         0.         0.         0.         0.
 0.         0.93750075 0.        ]
