[0.         0.30838193 0.04145796 0.07212295 0.         0.28176066
 0.05534636 0.17843465 0.        ]
[0.         0.         0.09424127 0.07128827 0.         0.0381255
 0.04284    0.69100872 0.        ]
[0.         0.         0.11713866 0.13395598 0.         0.10346463
 0.58294373 0.         0.        ]
[0.         0.         0.64885436 0.09720644 0.         0.19144145
 0.         0.         0.        ]
[0.         0.         0.         0.10913076 0.         0.82837074
 0.         0.         0.        ]
[0.         0.         0.         0.93750075 0.         0.
 0.         0.         0.        ]
