[0.         0.34604326 0.1113265  0.13637559 0.         0.24104393
 0.05485005 0.04786517 0.        ]
[0.         0.         0.10336673 0.12093987 0.         0.04090784
 0.05519389 0.61709542 0.        ]
[0.         0.         0.13551153 0.12890826 0.         0.16129645
 0.51178676 0.         0.        ]
[0.         0.         0.6691942  0.18695425 0.         0.0813538
 0.         0.         0.        ]
[0.         0.         0.         0.12660729 0.         0.81089421
 0.         0.         0.        ]
[0.         0.         0.         0.93750075 0.         0.
 0.         0.         0.        ]
