[0.         0.15350772 0.07861714 0.25833899 0.         0.2037078
 0.12198286 0.12134999 0.        ]
[0.         0.09254231 0.13586081 0.         0.         0.51895645
 0.08589185 0.10425233 0.        ]
[0.         0.17821073 0.59282898 0.         0.         0.
 0.05670648 0.10975682 0.        ]
[0.         0.1388556  0.         0.         0.         0.
 0.6789926  0.11965405 0.        ]
[0.         0.26780225 0.         0.         0.         0.
 0.         0.66969925 0.        ]
[0.         0.93750075 0.         0.         0.         0.
 0.         0.         0.        ]
