[0.         0.26493061 0.08243679 0.13265305 0.         0.28554871
 0.05336261 0.11857273 0.        ]
[0.         0.         0.18903136 0.05391346 0.         0.05191447
 0.0717179  0.57092655 0.        ]
[0.         0.         0.08189791 0.06773366 0.         0.27630824
 0.51156319 0.         0.        ]
[0.         0.         0.73960687 0.08765979 0.         0.1102356
 0.         0.         0.        ]
[0.         0.         0.         0.07199666 0.         0.86550484
 0.         0.         0.        ]
[0.         0.         0.         0.93750075 0.         0.
 0.         0.         0.        ]
