[0.         0.165776   0.12351804 0.17772025 0.         0.3066767
 0.06538581 0.0984277  0.        ]
[0.         0.13011332 0.10507516 0.57567105 0.         0.
 0.05880767 0.06783655 0.        ]
[0.         0.09795999 0.1794001  0.         0.         0.
 0.52449942 0.13564349 0.        ]
[0.         0.22272212 0.58095056 0.         0.         0.
 0.         0.13382957 0.        ]
[0.         0.88267212 0.         0.         0.         0.
 0.         0.05482938 0.        ]
[0.         0.         0.         0.         0.         0.
 0.         0.93750075 0.        ]
