[0.         0.12684583 0.08202021 0.15172819 0.         0.30652872
 0.07861148 0.19177006 0.        ]
[0.         0.06238489 0.11031524 0.58260663 0.         0.
 0.08877894 0.09341805 0.        ]
[0.         0.05058332 0.07795986 0.         0.         0.
 0.58151226 0.22744755 0.        ]
[0.         0.27157714 0.25005803 0.         0.         0.
 0.41586707 0.         0.        ]
[0.         0.         0.22895668 0.         0.         0.
 0.70854482 0.         0.        ]
[0.         0.         0.93750075 0.         0.         0.
 0.         0.         0.        ]
