[0.         0.13553098 0.03112027 0.05604021 0.         0.30104724
 0.1006151  0.31315069 0.        ]
[0.         0.58179422 0.05628358 0.10195196 0.         0.10353165
 0.09394233 0.         0.        ]
[0.         0.         0.67821303 0.08707937 0.         0.05684683
 0.11536377 0.         0.        ]
[0.         0.         0.         0.0668886  0.         0.18000643
 0.69060723 0.         0.        ]
[0.         0.         0.         0.82623928 0.         0.11126222
 0.         0.         0.        ]
[0.         0.         0.         0.         0.         0.93750075
 0.         0.         0.        ]
