[0.         0.15590545 0.05015221 0.09017817 0.         0.34231397
 0.03809448 0.26086022 0.        ]
[0.         0.4915072  0.14965812 0.15565133 0.         0.07672983
 0.06395728 0.         0.        ]
[0.         0.         0.66373234 0.10318144 0.         0.07027695
 0.10031227 0.         0.        ]
[0.         0.         0.         0.21543977 0.         0.0899474
 0.63211508 0.         0.        ]
[0.         0.         0.         0.76129435 0.         0.17620715
 0.         0.         0.        ]
[0.         0.         0.         0.         0.         0.93750075
 0.         0.         0.        ]
