[0.         0.21978723 0.04771805 0.09000115 0.         0.33382826
 0.03958656 0.20658324 0.        ]
[0.         0.59001152 0.05571782 0.07144493 0.         0.10057944
 0.11975003 0.         0.        ]
[0.         0.         0.65149103 0.06620397 0.         0.15489472
 0.06491329 0.         0.        ]
[0.         0.         0.         0.06324896 0.         0.22559751
 0.64865578 0.         0.        ]
[0.         0.         0.         0.85884441 0.         0.07865709
 0.         0.         0.        ]
[0.         0.         0.         0.         0.         0.93750075
 0.         0.         0.        ]
