[0.         0.10504303 0.06887144 0.10763139 0.         0.23829646
 0.08884404 0.32881815 0.        ]
[0.         0.58834872 0.05853764 0.1058831  0.         0.13428906
 0.05044522 0.         0.        ]
[0.         0.         0.63698943 0.07623749 0.         0.10219595
 0.12208013 0.         0.        ]
[0.         0.         0.         0.06644306 0.         0.09767838
 0.77338081 0.         0.        ]
[0.         0.         0.         0.85140239 0.         0.08609911
 0.         0.         0.        ]
[0.         0.         0.         0.         0.         0.93750075
 0.         0.         0.        ]
