[0.         0.1186035  0.06148434 0.05943757 0.         0.44859683
 0.05162838 0.19775388 0.        ]
[0.         0.05182971 0.04956593 0.63785456 0.         0.
 0.12523993 0.07301362 0.        ]
[0.         0.12359446 0.05835854 0.         0.         0.
 0.64919044 0.10635956 0.        ]
[0.         0.06093625 0.74538264 0.         0.         0.
 0.         0.13118336 0.        ]
[0.         0.81179065 0.         0.         0.         0.
 0.         0.12571085 0.        ]
[0.         0.         0.         0.         0.         0.
 0.         0.93750075 0.        ]
