[0.         0.13134029 0.11191776 0.07137972 0.         0.29976777
 0.03516506 0.28793389 0.        ]
[0.         0.57670833 0.0618327  0.16415698 0.         0.04933322
 0.08547253 0.         0.        ]
[0.         0.         0.6589469  0.05891936 0.         0.05509538
 0.16454136 0.         0.        ]
[0.         0.         0.         0.08758829 0.         0.05722626
 0.79268771 0.         0.        ]
[0.         0.         0.         0.88557925 0.         0.05192225
 0.         0.         0.        ]
[0.         0.         0.         0.         0.         0.93750075
 0.         0.         0.        ]
