[0.         0.17431709 0.04630599 0.10412541 0.         0.33557492
 0.04819068 0.22899041 0.        ]
[0.         0.1351086  0.17138779 0.52280818 0.         0.
 0.05105704 0.05714214 0.        ]
[0.         0.07014111 0.07247994 0.         0.         0.
 0.7132053  0.08167666 0.        ]
[0.         0.07629964 0.82342323 0.         0.         0.
 0.         0.03777938 0.        ]
[0.         0.71878877 0.         0.         0.         0.
 0.         0.21871273 0.        ]
[0.         0.         0.         0.         0.         0.
 0.         0.93750075 0.        ]
