[0.         0.1325345  0.03391003 0.06549141 0.         0.37050787
 0.03464416 0.30041653 0.        ]
[0.         0.04905995 0.09703455 0.59102825 0.         0.
 0.13087775 0.06950324 0.        ]
[0.         0.14364092 0.11862741 0.         0.         0.
 0.62467009 0.05056458 0.        ]
[0.         0.05174581 0.83976168 0.         0.         0.
 0.         0.04599476 0.        ]
[0.         0.73308112 0.         0.         0.         0.
 0.         0.20442038 0.        ]
[0.         0.         0.         0.         0.         0.
 0.         0.93750075 0.        ]
