[0.         0.17692458 0.09910023 0.05398763 0.         0.31666936
 0.04106199 0.24976071 0.        ]
[0.         0.06600751 0.14509995 0.51159326 0.         0.
 0.04729886 0.16750417 0.        ]
[0.         0.20556681 0.0473882  0.         0.         0.
 0.60089562 0.08365236 0.        ]
[0.         0.11670064 0.75217326 0.         0.         0.
 0.         0.06862835 0.        ]
[0.         0.87041373 0.         0.         0.         0.
 0.         0.06708777 0.        ]
[0.         0.         0.         0.         0.         0.
 0.         0.93750075 0.        ]
