[0.         0.1004054  0.03239214 0.08157899 0.         0.33936926
 0.08043077 0.30332795 0.        ]
[0.         0.06476455 0.19135165 0.59022615 0.         0.
 0.04318439 0.04797701 0.        ]
[0.         0.05968577 0.11743006 0.         0.         0.
 0.64541885 0.11496832 0.        ]
[0.         0.1451166  0.69584106 0.         0.         0.
 0.         0.09654459 0.        ]
[0.         0.87943929 0.         0.         0.         0.
 0.         0.05806221 0.        ]
[0.         0.         0.         0.         0.         0.
 0.         0.93750075 0.        ]
