[0.         0.14353787 0.0756352  0.08500596 0.         0.37804638
 0.04602745 0.20925164 0.        ]
[0.         0.15819142 0.07850295 0.589576   0.         0.
 0.05843854 0.05279484 0.        ]
[0.         0.06141034 0.07599295 0.         0.         0.
 0.68129155 0.11880817 0.        ]
[0.         0.06511808 0.78415288 0.         0.         0.
 0.         0.0882313  0.        ]
[0.        0.7114028 0.        0.        0.        0.        0.
 0.2260987 0.       ]
[0.         0.         0.         0.         0.         0.
 0.         0.93750075 0.        ]
