[0.         0.18577015 0.04373242 0.06669333 0.         0.36186776
 0.09222984 0.18721101 0.        ]
[0.         0.5941963  0.1084473  0.04727999 0.         0.07269501
 0.11488515 0.         0.        ]
[0.         0.         0.68595856 0.15149695 0.         0.05549672
 0.04455076 0.         0.        ]
[0.         0.         0.         0.14716735 0.         0.14096407
 0.64937083 0.         0.        ]
[0.         0.         0.         0.75739279 0.         0.18010871
 0.         0.         0.        ]
[0.         0.         0.         0.         0.         0.93750075
 0.         0.         0.        ]
