[0.         0.19829423 0.05959165 0.09370372 0.         0.29430099
 0.04414479 0.24746912 0.        ]
[0.         0.05215904 0.20740182 0.55131362 0.         0.
 0.06223939 0.06438987 0.        ]
[0.         0.07538744 0.10299958 0.         0.         0.
 0.67522037 0.08389561 0.        ]
[0.         0.06530647 0.69784459 0.         0.         0.
 0.         0.17435119 0.        ]
[0.         0.81213353 0.         0.         0.         0.
 0.         0.12536797 0.        ]
[0.         0.         0.         0.         0.         0.
 0.         0.93750075 0.        ]
