[0.         0.17050656 0.07813785 0.14833363 0.         0.30034996
 0.03588022 0.20429628 0.        ]
[0.         0.05407633 0.11002491 0.57067344 0.         0.
 0.10345487 0.09927419 0.        ]
[0.         0.0636902  0.13324664 0.         0.         0.
 0.61225187 0.12831428 0.        ]
[0.         0.0741687  0.80523776 0.         0.         0.
 0.         0.0580958  0.        ]
[0.        0.8117735 0.        0.        0.        0.        0.
 0.125728  0.       ]
[0.         0.         0.         0.         0.         0.
 0.         0.93750075 0.        ]
