[0.         0.20498214 0.10005219 0.09447646 0.         0.29624543
 0.02883505 0.21291323 0.        ]
[0.         0.0608897  0.08321723 0.         0.         0.55891979
 0.17830383 0.0561732  0.        ]
[0.         0.09450399 0.44219476 0.         0.         0.
 0.08642939 0.31437486 0.        ]
[0.         0.13681117 0.         0.         0.         0.
 0.73359012 0.06710096 0.        ]
[0.         0.18149142 0.         0.         0.         0.
 0.         0.75601008 0.        ]
[0.         0.93750075 0.         0.         0.         0.
 0.         0.         0.        ]
