[0.         0.14027042 0.03332861 0.12238795 0.         0.39224434
 0.03631294 0.21296024 0.        ]
[0.         0.11453802 0.09417421 0.62393206 0.         0.
 0.04984577 0.05501369 0.        ]
[0.         0.07899096 0.05146569 0.         0.         0.
 0.76899249 0.03805386 0.        ]
[0.         0.0513881  0.72762009 0.         0.         0.
 0.         0.15849406 0.        ]
[0.         0.84185115 0.         0.         0.         0.
 0.         0.09565035 0.        ]
[0.         0.         0.         0.         0.         0.
 0.         0.93750075 0.        ]
