[0.         0.11352277 0.03423185 0.06161511 0.         0.25994838
 0.11337099 0.35481539 0.        ]
[0.         0.55896633 0.1095365  0.13086666 0.         0.06905622
 0.06907803 0.         0.        ]
[0.         0.         0.64236382 0.09167881 0.         0.11111286
 0.09234751 0.         0.        ]
[0.         0.         0.         0.07795251 0.         0.21351281
 0.64603693 0.         0.        ]
[0.         0.         0.         0.85819989 0.         0.07930161
 0.         0.         0.        ]
[0.         0.         0.         0.         0.         0.93750075
 0.         0.         0.        ]
