[0.         0.12888474 0.04917842 0.08353645 0.         0.42716267
 0.04031473 0.20842749 0.        ]
[0.         0.04606174 0.0674366  0.61254351 0.         0.
 0.07769265 0.13376927 0.        ]
[0.         0.0764362  0.1391748  0.         0.         0.
 0.65313425 0.06875775 0.        ]
[0.         0.08420926 0.79554467 0.         0.         0.
 0.         0.05774832 0.        ]
[0.         0.77632984 0.         0.         0.         0.
 0.         0.16117166 0.        ]
[0.         0.         0.         0.         0.         0.
 0.         0.93750075 0.        ]
