[0.         0.13677001 0.04041599 0.06235185 0.         0.35348112
 0.09242323 0.25206229 0.        ]
[0.         0.05608593 0.14390288 0.         0.         0.55883272
 0.12634654 0.05233568 0.        ]
[0.         0.18477383 0.4681471  0.         0.         0.
 0.07439058 0.21019149 0.        ]
[0.         0.16587024 0.         0.         0.         0.
 0.60226772 0.16936429 0.        ]
[0.         0.18563027 0.         0.         0.         0.
 0.         0.75187123 0.        ]
[0.         0.93750075 0.         0.         0.         0.
 0.         0.         0.        ]
