[0.         0.1485292  0.03713616 0.08864533 0.         0.41475477
 0.03988452 0.20855452 0.        ]
[0.         0.07188047 0.05449356 0.69287291 0.         0.
 0.03254129 0.08571552 0.        ]
[0.         0.05779834 0.07716514 0.         0.         0.
 0.68660172 0.11593781 0.        ]
[0.         0.14730556 0.6971662  0.         0.         0.
 0.         0.09303049 0.        ]
[0.         0.77872357 0.         0.         0.         0.
 0.         0.15877793 0.        ]
[0.         0.         0.         0.         0.         0.
 0.         0.93750075 0.        ]
