[0.         0.09887938 0.04927149 0.08694195 0.         0.32389337
 0.07476408 0.30375423 0.        ]
[0.         0.11840167 0.07303555 0.64795809 0.         0.
 0.05335794 0.04475051 0.        ]
[0.         0.06901165 0.11509232 0.         0.         0.
 0.66347998 0.08991905 0.        ]
[0.         0.09090894 0.78747294 0.         0.         0.
 0.         0.05912037 0.        ]
[0.        0.823921  0.        0.        0.        0.        0.
 0.1135805 0.       ]
[0.         0.         0.         0.         0.         0.
 0.         0.93750075 0.        ]
