[0.         0.13356593 0.06254593 0.05860297 0.         0.45520799
 0.04386334 0.18371834 0.        ]
[0.         0.08590242 0.06093565 0.68143415 0.         0.
 0.03253245 0.07669908 0.        ]
[0.         0.08503918 0.11203125 0.         0.         0.
 0.63307917 0.10735341 0.        ]
[0.         0.05328221 0.73575584 0.         0.         0.
 0.         0.1484642  0.        ]
[0.         0.85976007 0.         0.         0.         0.
 0.         0.07774143 0.        ]
[0.         0.         0.         0.         0.         0.
 0.         0.93750075 0.        ]
