[0.         0.1132809  0.03836524 0.08801099 0.         0.36120072
 0.03736763 0.29927901 0.        ]
[0.         0.08292262 0.03970127 0.63100469 0.         0.
 0.07481133 0.10906385 0.        ]
[0.         0.16726645 0.08140601 0.         0.         0.
 0.63722045 0.05161008 0.        ]
[0.         0.11005745 0.76863598 0.         0.         0.
 0.         0.05880882 0.        ]
[0.         0.70606832 0.         0.         0.         0.
 0.         0.23143318 0.        ]
[0.         0.         0.         0.         0.         0.
 0.         0.93750075 0.        ]
