[0.         0.17430832 0.08728758 0.06507278 0.         0.13572742
 0.05569717 0.41941122 0.        ]
[0.         0.72819911 0.04254262 0.04629706 0.         0.03837803
 0.08208692 0.         0.        ]
[0.         0.         0.66385756 0.08551776 0.         0.08900185
 0.09912583 0.         0.        ]
[0.         0.         0.         0.08245511 0.         0.09774545
 0.75730168 0.         0.        ]
[0.        0.        0.        0.3663965 0.        0.        0.571105
 0.        0.       ]
