[0.         0.16997112 0.13364404 0.08934355 0.         0.12736755
 0.04508979 0.37208845 0.        ]
[0.         0.63089185 0.04607251 0.1136004  0.         0.0319903
 0.11494869 0.         0.        ]
[0.         0.         0.62716268 0.08961992 0.         0.15394492
 0.06677548 0.         0.        ]
[0.         0.         0.         0.188346   0.         0.11296216
 0.63619409 0.         0.        ]
[0.         0.         0.         0.77659231 0.         0.16090919
 0.         0.         0.        ]
[0.         0.         0.         0.         0.         0.93750075
 0.         0.         0.        ]
