[0.         0.21650733 0.03951561 0.05831561 0.         0.09384666
 0.02827532 0.50104397 0.        ]
[0.         0.68033516 0.0476768  0.08449356 0.         0.04507425
 0.07992398 0.         0.        ]
[0.         0.         0.74112864 0.04681417 0.         0.0956151
 0.05394509 0.         0.        ]
[0.         0.         0.         0.15482491 0.         0.12965799
 0.65301935 0.         0.        ]
[0.         0.         0.         0.76455136 0.         0.17295014
 0.         0.         0.        ]
[0.         0.         0.         0.         0.         0.93750075
 0.         0.         0.        ]
