[0.         0.18191854 0.06031596 0.17146391 0.         0.22012877
 0.07886811 0.22480921 0.        ]
[0.         0.56319986 0.08265856 0.10675321 0.         0.05705885
 0.12783327 0.         0.        ]
[0.         0.         0.61588157 0.1818863  0.         0.07090709
 0.06882804 0.         0.        ]
[0.         0.         0.         0.09510425 0.         0.20858676
 0.63381124 0.         0.        ]
[0.         0.         0.         0.74212402 0.         0.19537748
 0.         0.         0.        ]
[0.         0.         0.         0.         0.         0.93750075
 0.         0.         0.        ]
