[0.         0.16303371 0.0308904  0.11079657 0.         0.13179598
 0.04067896 0.46030887 0.        ]
[0.         0.62170015 0.04893006 0.05330482 0.         0.0794065
 0.13416221 0.         0.        ]
[0.         0.         0.70649503 0.12576726 0.         0.04719831
 0.0580424  0.         0.        ]
[0.         0.         0.         0.09923914 0.         0.08345454
 0.75480857 0.         0.        ]
[0.         0.         0.         0.80567834 0.         0.13182316
 0.         0.         0.        ]
[0.         0.         0.         0.         0.         0.93750075
 0.         0.         0.        ]
