[0.         0.1652546  0.04585779 0.11111265 0.         0.12278427
 0.04430618 0.44818901 0.        ]
[0.         0.63828687 0.08347768 0.05549292 0.         0.05370041
 0.10654587 0.         0.        ]
[0.         0.         0.64919641 0.15137259 0.         0.08718009
 0.04975391 0.         0.        ]
[0.         0.         0.         0.07041718 0.         0.21922083
 0.64786424 0.         0.        ]
[0.         0.         0.         0.83264372 0.         0.10485778
 0.         0.         0.        ]
[0.         0.         0.         0.         0.         0.93750075
 0.         0.         0.        ]
