[0.         0.12890005 0.11089825 0.13829537 0.         0.26279323
 0.03791387 0.25870373 0.        ]
[0.         0.4775943  0.0800197  0.23675346 0.         0.06704632
 0.07608996 0.         0.        ]
[0.         0.         0.62142308 0.0593258  0.         0.07195189
 0.18480223 0.         0.        ]
[0.         0.         0.         0.11583792 0.         0.11796929
 0.70369503 0.         0.        ]
[0.         0.         0.         0.69870769 0.         0.23879381
 0.         0.         0.        ]
[0.         0.         0.         0.         0.         0.93750075
 0.         0.         0.        ]
