[0.         0.19879975 0.10748857 0.09528521 0.         0.14221784
 0.04788827 0.34582486 0.        ]
[0.         0.66195428 0.04382445 0.12526139 0.         0.03117295
 0.07529069 0.         0.        ]
[0.         0.         0.76996275 0.0476992  0.         0.0829425
 0.03689855 0.         0.        ]
[0.         0.         0.         0.17975997 0.         0.08629518
 0.6714471  0.         0.        ]
[0.         0.         0.         0.86445504 0.         0.07304646
 0.         0.         0.        ]
[0.         0.         0.         0.         0.         0.93750075
 0.         0.         0.        ]
