[0.         0.41559643 0.17117176 0.07927054 0.         0.15474912
 0.04372887 0.07298779 0.        ]
[0.         0.         0.1046239  0.06425844 0.         0.0560971
 0.07538339 0.63714092 0.        ]
[0.         0.         0.11624051 0.09719348 0.         0.11051582
 0.6135532  0.         0.        ]
[0.         0.         0.81488043 0.04137549 0.         0.08124633
 0.         0.         0.        ]
[0.         0.         0.         0.12695029 0.         0.81055121
 0.         0.         0.        ]
[0.         0.         0.         0.93750075 0.         0.
 0.         0.         0.        ]
