[0.         0.14682486 0.03485969 0.06198968 0.         0.20244575
 0.04560504 0.44577948 0.        ]
[0.         0.64486056 0.04881207 0.05825435 0.         0.05261343
 0.13296335 0.         0.        ]
[0.         0.         0.70840194 0.04289756 0.         0.1256283
 0.06057519 0.         0.        ]
[0.         0.         0.         0.16326651 0.         0.07532515
 0.69891059 0.         0.        ]
[0.         0.         0.         0.85798656 0.         0.07951494
 0.         0.         0.        ]
[0.         0.         0.         0.         0.         0.93750075
 0.         0.         0.        ]
