[0.         0.1529719  0.07259135 0.0683136  0.         0.16606526
 0.06980947 0.40775292 0.        ]
[0.         0.10739811 0.1083935  0.55502641 0.         0.
 0.08328625 0.08339948 0.        ]
[0.         0.16471191 0.05359139 0.         0.         0.
 0.58940549 0.12979421 0.        ]
[0.         0.09102132 0.73081797 0.         0.         0.
 0.         0.11566296 0.        ]
[0.         0.71887842 0.         0.         0.         0.
 0.         0.21862308 0.        ]
[0.         0.         0.         0.         0.         0.
 0.         0.93750075 0.        ]
