[0.         0.20587177 0.08422022 0.11072027 0.         0.29068879
 0.03766447 0.20833897 0.        ]
[0.         0.69878618 0.04764352 0.06779769 0.         0.06162169
 0.06165467 0.         0.        ]
[0.         0.         0.63154903 0.0578011  0.         0.10162581
 0.14652707 0.         0.        ]
[0.         0.         0.         0.06862157 0.         0.12073247
 0.74814821 0.         0.        ]
[0.         0.         0.         0.72092182 0.         0.21657968
 0.         0.         0.        ]
[0.         0.         0.         0.         0.         0.93750075
 0.         0.         0.        ]
