[0.         0.1728984  0.055838   0.08011007 0.         0.16084359
 0.05262407 0.41519038 0.        ]
[0.         0.64524047 0.13101197 0.04212305 0.         0.04488451
 0.07424375 0.         0.        ]
[0.         0.         0.68265832 0.05951382 0.         0.09177638
 0.10355447 0.         0.        ]
[0.         0.         0.         0.07809673 0.         0.2095486
 0.64985691 0.         0.        ]
[0.        0.        0.        0.8202248 0.        0.1172767 0.
 0.        0.       ]
[0.         0.         0.         0.         0.         0.93750075
 0.         0.         0.        ]
