[0.         0.13871293 0.04142919 0.11394951 0.         0.12562755
 0.07931521 0.43847012 0.        ]
[0.         0.11022239 0.13739438 0.55473503 0.         0.
 0.09035542 0.04479653 0.        ]
[0.         0.1127101  0.13763276 0.         0.         0.
 0.5605644  0.12659574 0.        ]
[0.         0.05567748 0.69776812 0.         0.         0.
 0.         0.18405665 0.        ]
[0.         0.77503617 0.         0.         0.         0.
 0.         0.16246533 0.        ]
[0.         0.         0.         0.         0.         0.
 0.         0.93750075 0.        ]
