[0.         0.10446603 0.05420884 0.09161676 0.         0.13490355
 0.05450244 0.49780688 0.        ]
[0.         0.58214301 0.05203814 0.09793114 0.         0.14156079
 0.06383066 0.         0.        ]
[0.         0.         0.71359863 0.0498393  0.         0.10881737
 0.06524769 0.         0.        ]
[0.         0.         0.         0.06778472 0.         0.1058905
 0.76382703 0.         0.        ]
[0.         0.         0.         0.88238024 0.         0.05512126
 0.         0.         0.        ]
[0.         0.         0.         0.         0.         0.93750075
 0.         0.         0.        ]
