[0.         0.24568253 0.03126648 0.05700849 0.         0.1824615
 0.0499933  0.3710922  0.        ]
[0.         0.         0.16105233 0.10972632 0.         0.06585821
 0.0775826  0.52328429 0.        ]
[0.         0.         0.10918379 0.15836375 0.         0.12895043
 0.54100502 0.         0.        ]
[0.         0.         0.74641593 0.06703049 0.         0.12405583
 0.         0.         0.        ]
[0.         0.         0.         0.10255391 0.         0.83494759
 0.         0.         0.        ]
[0.         0.         0.         0.93750075 0.         0.
 0.         0.         0.        ]
