[0.         0.24850082 0.05879735 0.07105179 0.         0.15933572
 0.03643842 0.3633804  0.        ]
[0.         0.5944742  0.10283833 0.04365779 0.         0.12735122
 0.06918222 0.         0.        ]
[0.         0.         0.66683233 0.04335454 0.         0.16908458
 0.05823156 0.         0.        ]
[0.         0.         0.         0.14144068 0.         0.12326133
 0.67280024 0.         0.        ]
[0.         0.         0.         0.70865151 0.         0.22884999
 0.         0.         0.        ]
[0.         0.         0.         0.         0.         0.93750075
 0.         0.         0.        ]
