[0.         0.22176806 0.04776296 0.07394296 0.         0.15767755
 0.07231949 0.36403347 0.        ]
[0.         0.68546067 0.03907274 0.06043576 0.         0.03405318
 0.11848139 0.         0.        ]
[0.         0.         0.65319672 0.11880844 0.         0.08079069
 0.08470715 0.         0.        ]
[0.         0.         0.         0.11791084 0.         0.07681838
 0.74277303 0.         0.        ]
[0.         0.         0.         0.72122374 0.         0.21627776
 0.         0.         0.        ]
[0.         0.         0.         0.         0.         0.93750075
 0.         0.         0.        ]
