[0.         0.1070015  0.07931443 0.08771247 0.         0.16392626
 0.08145393 0.4180959  0.        ]
[0.         0.56940528 0.11244018 0.08159187 0.         0.09553592
 0.07853049 0.         0.        ]
[0.         0.         0.66836    0.03572963 0.         0.14907035
 0.08434302 0.         0.        ]
[0.         0.         0.         0.0906994  0.         0.10375907
 0.74304379 0.         0.        ]
[0.         0.         0.         0.78871543 0.         0.14878607
 0.         0.         0.        ]
[0.         0.         0.         0.         0.         0.93750075
 0.         0.         0.        ]
