[0.         0.12864165 0.04259785 0.15248946 0.         0.23454074
 0.09187656 0.28735824 0.        ]
[0.         0.03670461 0.05664271 0.63645216 0.         0.
 0.09119429 0.11650998 0.        ]
[0.         0.11908026 0.11680004 0.         0.         0.
 0.58673995 0.11488275 0.        ]
[0.         0.10975208 0.66217705 0.         0.         0.
 0.         0.16557312 0.        ]
[0.         0.86066324 0.         0.         0.         0.
 0.         0.07683826 0.        ]
[0.         0.         0.         0.         0.         0.
 0.         0.93750075 0.        ]
