[0.         0.13221688 0.03647714 0.06467664 0.         0.0938992
 0.17861001 0.43162463 0.        ]
[0.         0.65156508 0.14894445 0.03519223 0.         0.03494299
 0.066859   0.         0.        ]
[0.         0.         0.6756368  0.03712453 0.         0.07736274
 0.14737894 0.         0.        ]
[0.         0.         0.         0.08665138 0.         0.10624512
 0.74460575 0.         0.        ]
[0.         0.         0.         0.87880589 0.         0.05869561
 0.         0.         0.        ]
[0.         0.         0.         0.         0.         0.93750075
 0.         0.         0.        ]
