[0.         0.21500348 0.04982874 0.10858424 0.         0.13473816
 0.03514748 0.39420239 0.        ]
[0.         0.62758352 0.0719354  0.05992305 0.         0.12825405
 0.04980773 0.         0.        ]
[0.         0.         0.67954018 0.12898655 0.         0.06782223
 0.06115404 0.         0.        ]
[0.         0.         0.         0.07069229 0.         0.20377138
 0.66303858 0.         0.        ]
[0.         0.         0.         0.71230122 0.         0.22520028
 0.         0.         0.        ]
[0.         0.         0.         0.         0.         0.93750075
 0.         0.         0.        ]
