[0.         0.18365523 0.03848492 0.0749082  0.         0.14097344
 0.05810736 0.44137536 0.        ]
[0.         0.61041626 0.0386258  0.04546391 0.         0.18471686
 0.05828092 0.         0.        ]
[0.         0.         0.68123406 0.13962181 0.         0.07508931
 0.04155782 0.         0.        ]
[0.         0.         0.         0.09702449 0.         0.10196926
 0.7385085  0.         0.        ]
[0.         0.         0.         0.87927601 0.         0.05822549
 0.         0.         0.        ]
[0.         0.         0.         0.         0.         0.93750075
 0.         0.         0.        ]
