[0.         0.17072683 0.15180486 0.12222071 0.         0.23515362
 0.07283068 0.18476781 0.        ]
[0.         0.11460348 0.14510089 0.58937557 0.         0.
 0.02527812 0.0631457  0.        ]
[0.         0.11116124 0.08372209 0.         0.         0.
 0.55182182 0.19079785 0.        ]
[0.         0.20297749 0.71176583 0.         0.         0.
 0.         0.02275893 0.        ]
[0.         0.88921739 0.         0.         0.         0.
 0.         0.04828411 0.        ]
[0.         0.         0.         0.         0.         0.
 0.         0.93750075 0.        ]
