[0.         0.39311075 0.10505919 0.13207911 0.         0.15890366
 0.04760596 0.10074584 0.        ]
[0.         0.         0.08379713 0.04161188 0.         0.13834728
 0.09085958 0.58288788 0.        ]
[0.         0.         0.07913523 0.0975758  0.         0.18114126
 0.57965072 0.         0.        ]
[0.         0.         0.73753133 0.08698996 0.         0.11298096
 0.         0.         0.        ]
[0.         0.         0.         0.23764557 0.         0.69985593
 0.         0.         0.        ]
[0.         0.         0.         0.93750075 0.         0.
 0.         0.         0.        ]
