[0.         0.38721504 0.05321467 0.09099989 0.         0.3014859
 0.03014128 0.07444771 0.        ]
[0.         0.         0.057688   0.11380154 0.         0.05141284
 0.09381462 0.62078676 0.        ]
[0.         0.         0.0728043  0.11926021 0.         0.12459333
 0.62084516 0.         0.        ]
[0.         0.         0.75091442 0.10328409 0.         0.08330375
 0.         0.         0.        ]
[0.         0.         0.         0.19704154 0.         0.74045996
 0.         0.         0.        ]
[0.         0.         0.         0.93750075 0.         0.
 0.         0.         0.        ]
