[0.         0.16833752 0.02619691 0.08838465 0.         0.16311339
 0.0393968  0.45207524 0.        ]
[0.         0.5685121  0.11725757 0.12747792 0.         0.07146217
 0.05279398 0.         0.        ]
[0.         0.         0.62776763 0.11418768 0.         0.0606471
 0.13490059 0.         0.        ]
[0.         0.         0.         0.07752134 0.         0.17335088
 0.68663003 0.         0.        ]
[0.         0.         0.         0.86064217 0.         0.07685933
 0.         0.         0.        ]
[0.         0.         0.         0.         0.         0.93750075
 0.         0.         0.        ]
