[0.         0.1357034  0.14501332 0.1054514  0.         0.11799639
 0.03633017 0.39700981 0.        ]
[0.         0.62877603 0.15885798 0.04411512 0.         0.0438531
 0.06190152 0.         0.        ]
[0.         0.         0.75119325 0.04490478 0.         0.0800489
 0.06135607 0.         0.        ]
[0.         0.         0.         0.14558122 0.         0.15993327
 0.63198775 0.         0.        ]
[0.         0.         0.         0.81993109 0.         0.11757041
 0.         0.         0.        ]
[0.         0.         0.         0.         0.         0.93750075
 0.         0.         0.        ]
