[0.         0.1963609  0.10456422 0.15260207 0.         0.13544532
 0.10105071 0.24748128 0.        ]
[0.         0.09845546 0.15845647 0.4419106  0.         0.
 0.20584905 0.03283216 0.        ]
[0.         0.15619821 0.18240651 0.         0.         0.
 0.48020011 0.11869817 0.        ]
[0.         0.08841937 0.77467292 0.         0.         0.
 0.         0.07440995 0.        ]
[0.         0.69860228 0.         0.         0.         0.
 0.         0.23889922 0.        ]
[0.         0.         0.         0.         0.         0.
 0.         0.93750075 0.        ]
