[0.         0.20717547 0.12412667 0.1417151  0.         0.13116023
 0.1471108  0.18621623 0.        ]
[0.         0.64336223 0.05011617 0.07886144 0.         0.12565917
 0.03950475 0.         0.        ]
[0.         0.         0.62029618 0.13223809 0.         0.1191644
 0.06580433 0.         0.        ]
[0.         0.         0.         0.09836555 0.         0.19115353
 0.64798317 0.         0.        ]
[0.         0.         0.         0.83298937 0.         0.10451213
 0.         0.         0.        ]
[0.         0.         0.         0.         0.         0.93750075
 0.         0.         0.        ]
