[0.         0.14664464 0.10935539 0.05645331 0.         0.15792738
 0.05847427 0.4086495  0.        ]
[0.         0.6467561  0.12835688 0.03765792 0.         0.06061555
 0.0641173  0.         0.        ]
[0.         0.         0.68387196 0.17925486 0.         0.03656528
 0.0378109  0.         0.        ]
[0.         0.         0.         0.04884458 0.         0.12815176
 0.76050591 0.         0.        ]
[0.         0.         0.         0.78535964 0.         0.15214186
 0.         0.         0.        ]
[0.         0.         0.         0.         0.         0.93750075
 0.         0.         0.        ]
