[0.         0.36584657 0.05421635 0.11352323 0.         0.20908505
 0.08967148 0.10516182 0.        ]
[0.         0.         0.09746406 0.07873999 0.         0.04861934
 0.08975246 0.6229279  0.        ]
[0.         0.         0.11242636 0.07915154 0.         0.15383347
 0.59209163 0.         0.        ]
[0.         0.         0.67379436 0.04918958 0.         0.21451831
 0.         0.         0.        ]
[0.         0.         0.         0.26170624 0.         0.67579526
 0.         0.         0.        ]
[0.         0.         0.         0.93750075 0.         0.
 0.         0.         0.        ]
