[0.         0.22629626 0.04239797 0.05988415 0.         0.14028957
 0.08459488 0.38404168 0.        ]
[0.         0.66525199 0.07633685 0.08634875 0.         0.07159181
 0.03797435 0.         0.        ]
[0.         0.         0.66382968 0.17466796 0.         0.03678721
 0.06221814 0.         0.        ]
[0.         0.         0.         0.0730298  0.         0.10322262
 0.76124983 0.         0.        ]
[0.         0.         0.         0.84802554 0.         0.08947596
 0.         0.         0.        ]
[0.         0.         0.         0.         0.         0.93750075
 0.         0.         0.        ]
