[0.         0.23089029 0.03247879 0.07935855 0.         0.12869781
 0.03529173 0.43078733 0.        ]
[0.         0.61475394 0.06221692 0.09914407 0.         0.04542601
 0.11596282 0.         0.        ]
[0.         0.         0.65117762 0.06610301 0.         0.0785517
 0.14167067 0.         0.        ]
[0.         0.         0.         0.13097203 0.         0.07001115
 0.73651906 0.         0.        ]
[0.         0.         0.         0.89009028 0.         0.04741122
 0.         0.         0.        ]
[0.         0.         0.         0.         0.         0.93750075
 0.         0.         0.        ]
