[0.         0.33733654 0.07155588 0.20680204 0.         0.17132785
 0.05840531 0.09207688 0.        ]
[0.         0.         0.06048648 0.12959626 0.         0.06690879
 0.0477489  0.63276332 0.        ]
[0.         0.         0.13639578 0.08933232 0.         0.14191585
 0.56985905 0.         0.        ]
[0.         0.         0.67785569 0.11316167 0.         0.14648489
 0.         0.         0.        ]
[0.         0.         0.         0.16619297 0.         0.77130853
 0.         0.         0.        ]
[0.         0.         0.         0.93750075 0.         0.
 0.         0.         0.        ]
