[0.         0.17095806 0.0363181  0.09849913 0.         0.28468657
 0.06821359 0.27882906 0.        ]
[0.         0.5946319  0.05549289 0.0472117  0.         0.15347561
 0.08669164 0.         0.        ]
[0.         0.         0.70598265 0.10919362 0.         0.06422109
 0.05810564 0.         0.        ]
[0.         0.         0.         0.13000106 0.         0.08157823
 0.72592296 0.         0.        ]
[0.         0.         0.         0.78213662 0.         0.15536488
 0.         0.         0.        ]
[0.         0.         0.         0.         0.         0.93750075
 0.         0.         0.        ]
