[0.         0.22074057 0.02530414 0.11301121 0.         0.1404375
 0.02669109 0.41132    0.        ]
[0.         0.59043166 0.15705054 0.05856825 0.         0.08223291
 0.0492204  0.         0.        ]
[0.         0.         0.69455536 0.05341654 0.         0.11837046
 0.07116064 0.         0.        ]
[0.         0.         0.         0.05878919 0.         0.10056849
 0.77814457 0.         0.        ]
[0.         0.         0.         0.88875773 0.         0.04874377
 0.         0.         0.        ]
[0.         0.         0.         0.         0.         0.93750075
 0.         0.         0.        ]
