[0.         0.19326999 0.07790424 0.11886664 0.         0.15918986
 0.04575239 0.34252139 0.        ]
[0.         0.70565991 0.03709726 0.07604194 0.         0.07107602
 0.04762863 0.         0.        ]
[0.         0.         0.73788263 0.06667024 0.         0.07831815
 0.05463197 0.         0.        ]
[0.         0.         0.         0.10280234 0.         0.09063691
 0.744063   0.         0.        ]
[0.         0.         0.         0.74603636 0.         0.19146514
 0.         0.         0.        ]
[0.         0.         0.         0.         0.         0.93750075
 0.         0.         0.        ]
