[0.         0.18401157 0.03547059 0.08749357 0.         0.13418701
 0.08676349 0.40957827 0.        ]
[0.         0.63005716 0.05625361 0.05965312 0.         0.12702168
 0.06451818 0.         0.        ]
[0.         0.         0.78145551 0.05967292 0.         0.04803772
 0.04833685 0.         0.        ]
[0.         0.         0.         0.11560255 0.         0.16891446
 0.65298524 0.         0.        ]
[0.         0.         0.         0.76429771 0.         0.17320379
 0.         0.         0.        ]
[0.         0.         0.         0.         0.         0.93750075
 0.         0.         0.        ]
