[0.         0.26945991 0.02758915 0.06762971 0.         0.23696973
 0.0360623  0.29979369 0.        ]
[0.         0.07485558 0.13434921 0.58503986 0.         0.
 0.10049169 0.04276741 0.        ]
[0.         0.09284886 0.10131858 0.         0.         0.
 0.58779066 0.1555449  0.        ]
[0.         0.17820057 0.70533903 0.         0.         0.
 0.         0.05396265 0.        ]
[0.         0.81740587 0.         0.         0.         0.
 0.         0.12009563 0.        ]
[0.         0.         0.         0.         0.         0.
 0.         0.93750075 0.        ]
