[0.         0.21256393 0.03799521 0.05741894 0.         0.18577916
 0.04141424 0.40233301 0.        ]
[0.         0.68885334 0.05251224 0.09082429 0.         0.04689669
 0.05841719 0.         0.        ]
[0.         0.         0.66798354 0.07594587 0.         0.1140614
 0.07951219 0.         0.        ]
[0.         0.         0.         0.09918767 0.         0.12735577
 0.71095881 0.         0.        ]
[0.         0.         0.         0.78814895 0.         0.14935255
 0.         0.         0.        ]
[0.         0.         0.         0.         0.         0.93750075
 0.         0.         0.        ]
