[0.         0.34775257 0.09770577 0.09671005 0.         0.20821074
 0.03506653 0.15205884 0.        ]
[0.         0.         0.1361111  0.06380653 0.         0.0490064
 0.09751295 0.59106677 0.        ]
[0.         0.         0.06495225 0.11729883 0.         0.10571958
 0.64953234 0.         0.        ]
[0.         0.         0.69162556 0.12158063 0.         0.12429605
 0.         0.         0.        ]
[0.         0.         0.         0.12273853 0.         0.81476297
 0.         0.         0.        ]
[0.         0.         0.         0.93750075 0.         0.
 0.         0.         0.        ]
