[0.         0.22153726 0.06070903 0.08132656 0.         0.12796624
 0.0517379  0.39422751 0.        ]
[0.         0.         0.08686333 0.04941704 0.         0.14990287
 0.05807055 0.59324996 0.        ]
[0.         0.         0.11238453 0.06906349 0.         0.15264627
 0.60340871 0.         0.        ]
[0.         0.         0.70839126 0.05803002 0.         0.17108097
 0.         0.         0.        ]
[0.         0.         0.         0.29648109 0.         0.64102041
 0.         0.         0.        ]
[0.         0.         0.         0.93750075 0.         0.
 0.         0.         0.        ]
