[0.         0.19216514 0.07474548 0.07790719 0.         0.13079875
 0.03562041 0.42626752 0.        ]
[0.         0.         0.10220505 0.07794929 0.         0.11497441
 0.05560435 0.58677064 0.        ]
[0.         0.         0.12622653 0.04994194 0.         0.17871871
 0.58261582 0.         0.        ]
[0.         0.         0.68738132 0.17277576 0.         0.07734516
 0.         0.         0.        ]
[0.         0.         0.         0.17043701 0.         0.76706449
 0.         0.         0.        ]
[0.         0.         0.         0.93750075 0.         0.
 0.         0.         0.        ]
