[0.         0.19070341 0.12413673 0.14525699 0.         0.24275121
 0.03898495 0.19567122 0.        ]
[0.         0.         0.06960693 0.05601364 0.         0.12924004
 0.05411207 0.62853107 0.        ]
[0.         0.         0.05761728 0.15550911 0.         0.14811644
 0.57626018 0.         0.        ]
[0.         0.         0.68311216 0.18145829 0.         0.0729318
 0.         0.         0.        ]
[0.         0.         0.         0.14786949 0.         0.78963201
 0.         0.         0.        ]
[0.         0.         0.         0.93750075 0.         0.
 0.         0.         0.        ]
