[0.         0.14860779 0.14091853 0.07058465 0.         0.15427071
 0.03927727 0.38384556 0.        ]
[0.         0.62123891 0.09108366 0.05528835 0.         0.08236396
 0.08752887 0.         0.        ]
[0.         0.         0.69460094 0.06876627 0.         0.08139132
 0.09274447 0.         0.        ]
[0.         0.         0.         0.18717817 0.         0.10914911
 0.64117497 0.         0.        ]
[0.         0.         0.         0.70178535 0.         0.23571615
 0.         0.         0.        ]
[0.         0.         0.         0.         0.         0.93750075
 0.         0.         0.        ]
