[0.         0.17166069 0.04717496 0.1589832  0.         0.1741203
 0.04390521 0.34166015 0.        ]
[0.         0.63560884 0.06549902 0.07302953 0.         0.06616101
 0.09720535 0.         0.        ]
[0.         0.         0.65683534 0.12608704 0.         0.11995066
 0.03462996 0.         0.        ]
[0.         0.         0.         0.09215139 0.         0.17761747
 0.66773339 0.         0.        ]
[0.         0.         0.         0.77019323 0.         0.16730827
 0.         0.         0.        ]
[0.         0.         0.         0.         0.         0.93750075
 0.         0.         0.        ]
