[0.         0.35327813 0.09663648 0.08460487 0.         0.21484183
 0.03278698 0.15535622 0.        ]
[0.         0.14591253 0.11373188 0.59368401 0.         0.
 0.03523393 0.0489414  0.        ]
[0.         0.08037239 0.14471138 0.         0.         0.
 0.6429161  0.06950313 0.        ]
[0.         0.06621845 0.73927818 0.         0.         0.
 0.         0.13200563 0.        ]
[0.         0.75432948 0.         0.         0.         0.
 0.         0.18317202 0.        ]
[0.         0.         0.         0.         0.         0.
 0.         0.93750075 0.        ]
