[0.         0.3417254  0.07747024 0.0805456  0.         0.10793328
 0.02765132 0.30217868 0.        ]
[0.         0.         0.17501619 0.05664813 0.         0.09825248
 0.07856921 0.52901774 0.        ]
[0.         0.         0.07665229 0.08989142 0.         0.1739383
 0.59702099 0.         0.        ]
[0.         0.         0.63952019 0.17895033 0.         0.11903173
 0.         0.         0.        ]
[0.         0.         0.         0.10215668 0.         0.83534482
 0.         0.         0.        ]
[0.         0.         0.         0.93750075 0.         0.
 0.         0.         0.        ]
