[0.         0.14780568 0.04969223 0.04946414 0.         0.10573419
 0.12942824 0.45538001 0.        ]
[0.         0.63139352 0.10333772 0.06043636 0.         0.03249303
 0.10984311 0.         0.        ]
[0.         0.         0.64463844 0.13365655 0.         0.08906658
 0.07014142 0.         0.        ]
[0.         0.         0.         0.04391841 0.         0.15086608
 0.74271776 0.         0.        ]
[0.         0.         0.         0.72604498 0.         0.21145652
 0.         0.         0.        ]
[0.         0.         0.         0.         0.         0.93750075
 0.         0.         0.        ]
