[0.         0.14207194 0.03789763 0.07878987 0.         0.11854283
 0.0259252  0.53427704 0.        ]
[0.         0.65374822 0.13111587 0.06314509 0.         0.05064007
 0.03885451 0.         0.        ]
[0.         0.         0.64697459 0.10806234 0.         0.04311518
 0.13935089 0.         0.        ]
[0.         0.         0.         0.13337976 0.         0.09830518
 0.7058173  0.         0.        ]
[0.         0.         0.         0.85373646 0.         0.08376504
 0.         0.         0.        ]
[0.         0.         0.         0.         0.         0.93750075
 0.         0.         0.        ]
