[0.         0.36484909 0.04150818 0.08141745 0.         0.08604897
 0.05636074 0.30732007 0.        ]
[0.         0.68738705 0.06372223 0.03781266 0.         0.11382276
 0.03475905 0.         0.        ]
[0.         0.         0.72812495 0.0444484  0.         0.0987777
 0.06615195 0.         0.        ]
[0.         0.         0.         0.16045812 0.         0.13262418
 0.64441994 0.         0.        ]
[0.        0.        0.        0.7284852 0.        0.2090163 0.
 0.        0.       ]
[0.         0.         0.         0.         0.         0.93750075
 0.         0.         0.        ]
