[0.         0.18927779 0.02873128 0.09359517 0.         0.19998443
 0.07467152 0.35124431 0.        ]
[0.         0.64605089 0.05111214 0.08705168 0.         0.09015581
 0.06313323 0.         0.        ]
[0.         0.         0.68778349 0.07055284 0.         0.12979453
 0.04937214 0.         0.        ]
[0.         0.         0.         0.09128186 0.         0.15463959
 0.6915808  0.         0.        ]
[0.         0.         0.         0.84128733 0.         0.09621417
 0.         0.         0.        ]
[0.         0.         0.         0.         0.         0.93750075
 0.         0.         0.        ]
