[0.         0.29267249 0.04727563 0.08073983 0.         0.28384001
 0.06682846 0.16614808 0.        ]
[0.         0.         0.10963299 0.02975219 0.         0.04935592
 0.09176478 0.65699787 0.        ]
[0.         0.         0.16767447 0.06243888 0.         0.19176892
 0.51562072 0.         0.        ]
[0.         0.         0.77474797 0.08047622 0.         0.08227805
 0.         0.         0.        ]
[0.        0.        0.        0.2861287 0.        0.6513728 0.
 0.        0.       ]
[0.         0.         0.         0.93750075 0.         0.
 0.         0.         0.        ]
