[0.         0.16801089 0.05982969 0.0669595  0.         0.14667206
 0.03238323 0.46364913 0.        ]
[0.         0.64194791 0.10243024 0.05630131 0.         0.09495609
 0.0418682  0.         0.        ]
[0.         0.         0.74069996 0.11481628 0.         0.0440448
 0.03794196 0.         0.        ]
[0.         0.         0.         0.1367394  0.         0.10445845
 0.6963044  0.         0.        ]
[0.         0.         0.         0.73356542 0.         0.20393608
 0.         0.         0.        ]
[0.         0.         0.         0.         0.         0.93750075
 0.         0.         0.        ]
