[0.         0.13185982 0.10592783 0.13426989 0.         0.14688945
 0.05355191 0.36500559 0.        ]
[0.         0.57497504 0.06150727 0.04207019 0.         0.14494328
 0.11400797 0.         0.        ]
[0.         0.         0.71864268 0.04395823 0.         0.09506467
 0.07983742 0.         0.        ]
[0.         0.         0.         0.15001174 0.         0.1339371
 0.65355341 0.         0.        ]
[0.         0.         0.         0.78471101 0.         0.15279049
 0.         0.         0.        ]
[0.         0.         0.         0.         0.         0.93750075
 0.         0.         0.        ]
