[0.         0.36680932 0.08315892 0.13537817 0.         0.23259902
 0.03355006 0.08600901 0.        ]
[0.         0.         0.12026566 0.08376465 0.         0.04733566
 0.06333298 0.6228048  0.        ]
[0.         0.         0.05262857 0.09800274 0.         0.21172304
 0.57514865 0.         0.        ]
[0.         0.         0.76369652 0.03999062 0.         0.13381511
 0.         0.         0.        ]
[0.         0.         0.         0.25417008 0.         0.68333142
 0.         0.         0.        ]
[0.         0.         0.         0.93750075 0.         0.
 0.         0.         0.        ]
