[0.         0.14824752 0.05604002 0.13012456 0.         0.14111728
 0.07372904 0.38824608 0.        ]
[0.         0.63450239 0.06469811 0.10141881 0.         0.0719354
 0.06494904 0.         0.        ]
[0.         0.         0.74271933 0.0969853  0.         0.03720742
 0.06059094 0.         0.        ]
[0.         0.         0.         0.1283133  0.         0.08777926
 0.72140969 0.         0.        ]
[0.         0.         0.         0.69345042 0.         0.24405108
 0.         0.         0.        ]
[0.         0.         0.         0.         0.         0.93750075
 0.         0.         0.        ]
