[0.         0.15401616 0.08094208 0.09033184 0.         0.3203593
 0.03710404 0.25475107 0.        ]
[0.         0.1451664  0.19613306 0.4654083  0.         0.
 0.05508134 0.07571465 0.        ]
[0.         0.12091746 0.19627088 0.         0.         0.
 0.53487727 0.08543739 0.        ]
[0.         0.05044276 0.68388123 0.         0.         0.
 0.         0.20317826 0.        ]
[0.         0.78152611 0.         0.         0.         0.
 0.         0.15597539 0.        ]
[0.         0.         0.         0.         0.         0.
 0.         0.93750075 0.        ]
