[0.         0.117935   0.0517669  0.14149168 0.         0.26655598
 0.03220633 0.32754862 0.        ]
[0.         0.62680322 0.15598204 0.06281022 0.         0.03441391
 0.05749436 0.         0.        ]
[0.         0.         0.63265506 0.12859882 0.         0.1329072
 0.04334192 0.         0.        ]
[0.         0.         0.         0.14750351 0.         0.13614954
 0.6538492  0.         0.        ]
[0.         0.         0.         0.79677008 0.         0.14073142
 0.         0.         0.        ]
[0.         0.         0.         0.         0.         0.93750075
 0.         0.         0.        ]
