[0.         0.12142534 0.06195166 0.07063875 0.         0.14444028
 0.06909071 0.46995776 0.        ]
[0.         0.6751431  0.04337773 0.0555225  0.         0.04781086
 0.11564956 0.         0.        ]
[0.         0.         0.63015373 0.12164843 0.         0.06248807
 0.12321277 0.         0.        ]
[0.         0.         0.         0.13489389 0.         0.17259906
 0.63000931 0.         0.        ]
[0.         0.         0.         0.87408821 0.         0.06341329
 0.         0.         0.        ]
[0.         0.         0.         0.         0.         0.93750075
 0.         0.         0.        ]
