[0.         0.20409319 0.04061617 0.06954475 0.         0.11993047
 0.06667957 0.43664035 0.        ]
[0.         0.69652423 0.0672205  0.05719372 0.         0.05812394
 0.05844136 0.         0.        ]
[0.         0.         0.67799175 0.04185402 0.         0.15525876
 0.06239846 0.         0.        ]
[0.         0.         0.         0.07171411 0.         0.09628621
 0.76950193 0.         0.        ]
[0.         0.         0.         0.83098308 0.         0.10651842
 0.         0.         0.        ]
[0.         0.         0.         0.         0.         0.93750075
 0.         0.         0.        ]
