[0.         0.20507295 0.04983564 0.12766182 0.         0.12076057
 0.05233272 0.3818408  0.        ]
[0.         0.68618459 0.04035863 0.06023266 0.         0.09418212
 0.05654575 0.         0.        ]
[0.         0.         0.69980693 0.0740422  0.         0.10868841
 0.05496547 0.         0.        ]
[0.         0.         0.         0.13518055 0.         0.16343972
 0.63888198 0.         0.        ]
[0.         0.         0.         0.77188611 0.         0.16561539
 0.         0.         0.        ]
[0.         0.         0.         0.         0.         0.93750075
 0.         0.         0.        ]
