[0.         0.12260206 0.04244942 0.04911752 0.         0.10451332
 0.1611754  0.45764679 0.        ]
[0.         0.65369688 0.10285411 0.03535379 0.         0.03977555
 0.10582343 0.         0.        ]
[0.         0.         0.70161492 0.10223913 0.         0.05503879
 0.07861016 0.         0.        ]
[0.         0.         0.         0.05912412 0.         0.20047791
 0.67790022 0.         0.        ]
[0.         0.         0.         0.79584989 0.         0.14165161
 0.         0.         0.        ]
[0.         0.         0.         0.         0.         0.93750075
 0.         0.         0.        ]
