[0.         0.1339216  0.03411601 0.10023822 0.         0.1615959
 0.06632652 0.44130624 0.        ]
[0.         0.0956241  0.16668139 0.44005271 0.         0.
 0.1654949  0.06965064 0.        ]
[0.         0.1280162  0.12374681 0.         0.         0.
 0.53567256 0.15006743 0.        ]
[0.         0.08646414 0.75498426 0.         0.         0.
 0.         0.09605385 0.        ]
[0.         0.84345185 0.         0.         0.         0.
 0.         0.09404965 0.        ]
[0.         0.         0.         0.         0.         0.
 0.         0.93750075 0.        ]
