[0.         0.08150441 0.04954548 0.0908369  0.         0.2454062
 0.03725605 0.43295546 0.        ]
[0.         0.63369724 0.09158674 0.10484212 0.         0.04256202
 0.06481563 0.         0.        ]
[0.         0.         0.63457123 0.05449614 0.         0.14577279
 0.10266284 0.         0.        ]
[0.         0.         0.         0.08102174 0.         0.09816984
 0.75831066 0.         0.        ]
[0.        0.        0.        0.6911359 0.        0.2463656 0.
 0.        0.       ]
[0.         0.         0.         0.         0.         0.93750075
 0.         0.         0.        ]
