[0.         0.16346527 0.0526087  0.13630421 0.         0.30644466
 0.11067443 0.16800723 0.        ]
[0.         0.14126996 0.10737401 0.60773777 0.         0.
 0.04041211 0.04070988 0.        ]
[0.         0.1998624  0.07069957 0.         0.         0.
 0.56678305 0.10015799 0.        ]
[0.         0.07352723 0.75193668 0.         0.         0.
 0.         0.11203835 0.        ]
[0.        0.7587579 0.        0.        0.        0.        0.
 0.1787436 0.       ]
[0.         0.         0.         0.         0.         0.
 0.         0.93750075 0.        ]
