[0.         0.11479094 0.06739964 0.19007942 0.         0.2232578
 0.05126902 0.29070767 0.        ]
[0.         0.54032325 0.10958121 0.09440971 0.         0.15110471
 0.04208487 0.         0.        ]
[0.         0.         0.63430719 0.04200588 0.         0.16909149
 0.09209844 0.         0.        ]
[0.         0.         0.         0.09988387 0.         0.13887402
 0.69874436 0.         0.        ]
[0.         0.         0.         0.72942525 0.         0.20807625
 0.         0.         0.        ]
[0.         0.         0.         0.         0.         0.93750075
 0.         0.         0.        ]
