[0.         0.17821824 0.06729571 0.09866515 0.         0.12909934
 0.03328199 0.43094406 0.        ]
[0.         0.63508381 0.07942292 0.11250274 0.         0.0721061
 0.03838817 0.         0.        ]
[0.         0.         0.7848543  0.04066369 0.         0.04407631
 0.06790871 0.         0.        ]
[0.         0.         0.         0.04931734 0.         0.19494713
 0.69323778 0.         0.        ]
[0.         0.         0.         0.81967666 0.         0.11782484
 0.         0.         0.        ]
[0.         0.         0.         0.         0.         0.93750075
 0.         0.         0.        ]
