[0.         0.39649656 0.04884116 0.11840556 0.         0.2215276
 0.07692677 0.07530687 0.        ]
[0.         0.         0.12142905 0.05230097 0.         0.09317585
 0.04055946 0.63003842 0.        ]
[0.         0.         0.08289122 0.09061268 0.         0.10794155
 0.65605755 0.         0.        ]
[0.         0.         0.72242501 0.1018489  0.         0.11322834
 0.         0.         0.        ]
[0.         0.         0.         0.10919383 0.         0.82830767
 0.         0.         0.        ]
[0.         0.         0.         0.93750075 0.         0.
 0.         0.         0.        ]
