[0.         0.19401172 0.04981951 0.12302089 0.         0.28263301
 0.03933058 0.24868879 0.        ]
[0.         0.09475048 0.08022173 0.59533073 0.         0.
 0.04683086 0.12036995 0.        ]
[0.         0.05359763 0.086372   0.         0.         0.
 0.66934499 0.12818839 0.        ]
[0.         0.12896028 0.66683878 0.         0.         0.
 0.         0.14170319 0.        ]
[0.         0.88990917 0.         0.         0.         0.
 0.         0.04759233 0.        ]
[0.         0.         0.         0.         0.         0.
 0.         0.93750075 0.        ]
