[0.         0.21881861 0.11383898 0.07917068 0.         0.16075343
 0.03924657 0.32567622 0.        ]
[0.         0.64908772 0.05044275 0.06862342 0.         0.0271533
 0.14219657 0.         0.        ]
[0.         0.         0.63706437 0.14530408 0.         0.04392198
 0.11121256 0.         0.        ]
[0.         0.         0.         0.07888174 0.         0.11016751
 0.748453   0.         0.        ]
[0.         0.         0.         0.80941596 0.         0.12808554
 0.         0.         0.        ]
[0.         0.         0.         0.         0.         0.93750075
 0.         0.         0.        ]
