[0.         0.12240126 0.11121421 0.09662124 0.         0.19893116
 0.06550372 0.34283291 0.        ]
[0.         0.14095569 0.10048874 0.54016071 0.         0.
 0.08666087 0.06923774 0.        ]
[0.         0.16029617 0.21460559 0.         0.         0.
 0.4004104  0.16219084 0.        ]
[0.         0.18216044 0.71064168 0.         0.         0.
 0.         0.04470013 0.        ]
[0.         0.71951249 0.         0.         0.         0.
 0.         0.21798901 0.        ]
[0.         0.         0.         0.         0.         0.
 0.         0.93750075 0.        ]
