[0.         0.30308407 0.11991464 0.13985847 0.         0.14886516
 0.09675417 0.12902798 0.        ]
[0.         0.04150606 0.10767595 0.         0.         0.63580157
 0.05424612 0.09827404 0.        ]
[0.         0.15591823 0.63166268 0.         0.         0.
 0.04986322 0.10005888 0.        ]
[0.         0.0968495  0.         0.         0.         0.
 0.76325122 0.07740153 0.        ]
[0.         0.16673231 0.         0.         0.         0.
 0.         0.77076919 0.        ]
[0.         0.93750075 0.         0.         0.         0.
 0.         0.         0.        ]
