[0.         0.31720204 0.09969522 0.08710904 0.         0.26987531
 0.03880718 0.12481572 0.        ]
[0.         0.         0.05713959 0.03914752 0.         0.0388043
 0.03329331 0.76911904 0.        ]
[0.         0.         0.09003935 0.1517023  0.         0.09916298
 0.59659837 0.         0.        ]
[0.         0.         0.76097116 0.07004926 0.         0.10648183
 0.         0.         0.        ]
[0.         0.         0.         0.13833577 0.         0.79916573
 0.         0.         0.        ]
[0.         0.         0.         0.93750075 0.         0.
 0.         0.         0.        ]
