[0.         0.17263389 0.0668122  0.1702501  0.         0.28829634
 0.08819872 0.15131324 0.        ]
[0.         0.58152165 0.08205416 0.10805987 0.         0.09147278
 0.07439528 0.         0.        ]
[0.         0.         0.68871759 0.0326069  0.         0.12137886
 0.09479965 0.         0.        ]
[0.         0.         0.         0.11166499 0.         0.08662869
 0.73920856 0.         0.        ]
[0.         0.         0.         0.84873883 0.         0.08876267
 0.         0.         0.        ]
[0.         0.         0.         0.         0.         0.93750075
 0.         0.         0.        ]
