[0.         0.15198806 0.13212211 0.08533614 0.         0.0996599
 0.02651518 0.4418831  0.        ]
[0.         0.61419591 0.04704925 0.03866144 0.         0.12586963
 0.11172751 0.         0.        ]
[0.         0.         0.74758758 0.10341039 0.         0.04042788
 0.04607714 0.         0.        ]
[0.         0.         0.         0.16478098 0.         0.11221622
 0.66050505 0.         0.        ]
[0.        0.        0.        0.7871145 0.        0.150387  0.
 0.        0.       ]
[0.         0.         0.         0.         0.         0.93750075
 0.         0.         0.        ]
