[0.         0.1924701  0.04319444 0.09588238 0.         0.10706908
 0.13735597 0.36153253 0.        ]
[0.         0.64522045 0.0670712  0.06855435 0.         0.03135703
 0.12530073 0.         0.        ]
[0.         0.         0.76934032 0.06234524 0.         0.06119123
 0.04462621 0.         0.        ]
[0.         0.         0.         0.07870619 0.         0.06767961
 0.79111645 0.         0.        ]
[0.         0.         0.         0.72086606 0.         0.21663544
 0.         0.         0.        ]
[0.         0.         0.         0.         0.         0.93750075
 0.         0.         0.        ]
