[0.         0.1389943  0.08095123 0.05772127 0.         0.12311151
 0.02861186 0.50811433 0.        ]
[0.         0.60581263 0.12074184 0.09490077 0.         0.07327194
 0.04277657 0.         0.        ]
[0.         0.         0.71588941 0.03776223 0.         0.14207969
 0.04177167 0.         0.        ]
[0.         0.         0.         0.04729983 0.         0.20045052
 0.6897519  0.         0.        ]
[0.         0.         0.         0.73318455 0.         0.20431695
 0.         0.         0.        ]
[0.         0.         0.         0.         0.         0.93750075
 0.         0.         0.        ]
