[0.         0.14220516 0.04943262 0.13552159 0.         0.25882039
 0.04013424 0.31139049 0.        ]
[0.         0.47260591 0.17809713 0.1107637  0.         0.06876558
 0.10727143 0.         0.        ]
[0.         0.         0.71543655 0.07811398 0.         0.09372184
 0.05023063 0.         0.        ]
[0.         0.         0.         0.09749413 0.         0.17791514
 0.66209298 0.         0.        ]
[0.         0.         0.         0.70601596 0.         0.23148554
 0.         0.         0.        ]
[0.         0.         0.         0.         0.         0.93750075
 0.         0.         0.        ]
