[0.         0.19488349 0.03641118 0.04890645 0.         0.12119192
 0.07648439 0.45962705 0.        ]
[0.         0.         0.09496301 0.08884625 0.         0.08290487
 0.1072523  0.56353732 0.        ]
[0.         0.         0.18376357 0.06686685 0.         0.09397822
 0.59289436 0.         0.        ]
[0.         0.         0.62823333 0.16735636 0.         0.14191256
 0.         0.         0.        ]
[0.         0.         0.         0.10789068 0.         0.82961082
 0.         0.         0.        ]
[0.         0.         0.         0.93750075 0.         0.
 0.         0.         0.        ]
