[0.         0.21296557 0.06353262 0.10584794 0.         0.09970099
 0.05715274 0.39830464 0.        ]
[0.         0.66981467 0.09248413 0.04202769 0.         0.09424551
 0.03893175 0.         0.        ]
[0.         0.         0.68883673 0.13785869 0.         0.06706515
 0.04374244 0.         0.        ]
[0.         0.         0.         0.04865846 0.         0.19468073
 0.69416306 0.         0.        ]
[0.         0.         0.         0.80674371 0.         0.13075779
 0.         0.         0.        ]
[0.         0.         0.         0.         0.         0.93750075
 0.         0.         0.        ]
