[0.         0.1313885  0.10085903 0.17723118 0.         0.24167979
 0.05950706 0.22683894 0.        ]
[0.         0.4993599  0.08381134 0.10756986 0.         0.10713589
 0.13962676 0.         0.        ]
[0.         0.         0.65942043 0.05430316 0.         0.17356044
 0.05021896 0.         0.        ]
[0.         0.         0.         0.09117619 0.         0.1428527
 0.70347335 0.         0.        ]
[0.         0.         0.         0.73531829 0.         0.20218321
 0.         0.         0.        ]
[0.         0.         0.         0.         0.         0.93750075
 0.         0.         0.        ]
