[0.         0.19223651 0.08668868 0.1611948  0.         0.16148736
 0.07477496 0.2611222  0.        ]
[0.         0.         0.09026237 0.04771875 0.         0.10967868
 0.08918835 0.6006556  0.        ]
[0.         0.         0.11448419 0.08556215 0.         0.19088951
 0.54656715 0.         0.        ]
[0.         0.         0.78610195 0.06124699 0.         0.09015331
 0.         0.         0.        ]
[0.         0.         0.         0.23144383 0.         0.70605767
 0.         0.         0.        ]
[0.         0.         0.         0.93750075 0.         0.
 0.         0.         0.        ]
