[0.         0.37348542 0.07244869 0.09467307 0.         0.1273953
 0.04255103 0.22695099 0.        ]
[0.         0.         0.14262867 0.04742278 0.         0.0761202
 0.06884163 0.60249048 0.        ]
[0.         0.         0.19195872 0.06203261 0.         0.09218584
 0.59132582 0.         0.        ]
[0.         0.         0.73623815 0.09710009 0.         0.10416402
 0.         0.         0.        ]
[0.         0.         0.         0.15873324 0.         0.77876826
 0.         0.         0.        ]
[0.         0.         0.         0.93750075 0.         0.
 0.         0.         0.        ]
