[0.         0.17453723 0.06915157 0.06668374 0.         0.12716049
 0.02990784 0.47006362 0.        ]
[0.         0.         0.11075066 0.05862244 0.         0.04058667
 0.09532768 0.6322163  0.        ]
[0.         0.         0.06194122 0.07808102 0.         0.18443207
 0.6130487  0.         0.        ]
[0.         0.         0.6361633  0.08082853 0.         0.22051042
 0.         0.         0.        ]
[0.         0.         0.         0.14602118 0.         0.79148032
 0.         0.         0.        ]
[0.         0.         0.         0.93750075 0.         0.
 0.         0.         0.        ]
