[0.         0.17685438 0.04143387 0.07110421 0.         0.13347811
 0.02528409 0.48934984 0.        ]
[0.         0.11806323 0.15361506 0.46326446 0.         0.
 0.06022127 0.14233972 0.        ]
[0.         0.21612238 0.07430646 0.         0.         0.
 0.550405   0.09666915 0.        ]
[0.         0.07001919 0.82463281 0.         0.         0.
 0.         0.04285025 0.        ]
[0.         0.86727401 0.         0.         0.         0.
 0.         0.07022749 0.        ]
[0.         0.         0.         0.         0.         0.
 0.         0.93750075 0.        ]
