[0.         0.20468378 0.05732004 0.0815366  0.         0.10894018
 0.03269947 0.45232443 0.        ]
[0.         0.         0.10943313 0.05526812 0.         0.12839112
 0.11523103 0.52918036 0.        ]
[0.         0.         0.06372208 0.15669521 0.         0.1272461
 0.58983961 0.         0.        ]
[0.         0.         0.68845357 0.17145721 0.         0.07759147
 0.         0.         0.        ]
[0.         0.         0.         0.21537895 0.         0.72212255
 0.         0.         0.        ]
[0.         0.         0.         0.93750075 0.         0.
 0.         0.         0.        ]
