[0.         0.26962842 0.06227581 0.0827284  0.         0.25945167
 0.04345485 0.21996535 0.        ]
[0.         0.08358693 0.16855888 0.52269359 0.         0.
 0.07895463 0.08370973 0.        ]
[0.         0.10730394 0.0898431  0.         0.         0.
 0.658165   0.08219096 0.        ]
[0.         0.11509401 0.70836183 0.         0.         0.
 0.         0.11404641 0.        ]
[0.         0.82819961 0.         0.         0.         0.
 0.         0.10930189 0.        ]
[0.         0.         0.         0.         0.         0.
 0.         0.93750075 0.        ]
