[0.         0.16316305 0.04468098 0.08937543 0.         0.25683085
 0.09835843 0.28509577 0.        ]
[0.         0.55906013 0.09180459 0.06506429 0.         0.07489811
 0.14667662 0.         0.        ]
[0.         0.         0.67316742 0.03015277 0.         0.16367308
 0.07050974 0.         0.        ]
[0.         0.         0.         0.07637273 0.         0.10881475
 0.75231477 0.         0.        ]
[0.        0.        0.        0.8530365 0.        0.084465  0.
 0.        0.       ]
[0.         0.         0.         0.         0.         0.93750075
 0.         0.         0.        ]
