[0.         0.20890267 0.03347305 0.05930753 0.         0.18944979
 0.05805547 0.388316   0.        ]
[0.         0.62306194 0.04328384 0.12516727 0.         0.08609834
 0.05989237 0.         0.        ]
[0.         0.         0.78026906 0.04427667 0.         0.0420817
 0.07087557 0.         0.        ]
[0.         0.         0.         0.15814135 0.         0.09379708
 0.68556382 0.         0.        ]
[0.         0.         0.         0.83862898 0.         0.09887252
 0.         0.         0.        ]
[0.         0.         0.         0.         0.         0.93750075
 0.         0.         0.        ]
