[0.         0.17711161 0.05418418 0.05761082 0.         0.21843483
 0.04441099 0.38575207 0.        ]
[0.         0.58616419 0.06331501 0.08922921 0.         0.10547423
 0.09332111 0.         0.        ]
[0.         0.         0.70905801 0.10284664 0.         0.06604661
 0.05955174 0.         0.        ]
[0.         0.         0.         0.19674363 0.         0.11253264
 0.62822597 0.         0.        ]
[0.         0.         0.         0.70873902 0.         0.22876248
 0.         0.         0.        ]
[0.         0.         0.         0.         0.         0.93750075
 0.         0.         0.        ]
