[0.         0.20338933 0.03964789 0.0933905  0.         0.19673497
 0.04585506 0.35848674 0.        ]
[0.         0.13712972 0.18117568 0.4453601  0.         0.
 0.04741622 0.12642203 0.        ]
[0.         0.168029   0.21247706 0.         0.         0.
 0.45215667 0.10484027 0.        ]
[0.         0.12868121 0.75451629 0.         0.         0.
 0.         0.05430475 0.        ]
[0.         0.82350818 0.         0.         0.         0.
 0.         0.11399332 0.        ]
[0.         0.         0.         0.         0.         0.
 0.         0.93750075 0.        ]
