[0.         0.18134499 0.03297733 0.1052231  0.         0.30326649
 0.1014591  0.21323349 0.        ]
[0.         0.         0.14164399 0.07490375 0.         0.08913744
 0.0470756  0.58474296 0.        ]
[0.         0.         0.08072156 0.10632907 0.         0.20734924
 0.54310312 0.         0.        ]
[0.         0.         0.76580857 0.07217101 0.         0.09952267
 0.         0.         0.        ]
[0.         0.         0.         0.24766883 0.         0.68983267
 0.         0.         0.        ]
[0.         0.         0.         0.93750075 0.         0.
 0.         0.         0.        ]
