[0.         0.14891837 0.04414696 0.11930444 0.         0.107557
 0.08143931 0.43613842 0.        ]
[0.         0.65237974 0.05356773 0.076424   0.         0.11563303
 0.03949925 0.         0.        ]
[0.         0.         0.70549503 0.03404358 0.         0.12325938
 0.07470501 0.         0.        ]
[0.         0.         0.         0.08706243 0.         0.16575713
 0.68468269 0.         0.        ]
[0.         0.         0.         0.75077709 0.         0.18672441
 0.         0.         0.        ]
[0.         0.         0.         0.         0.         0.93750075
 0.         0.         0.        ]
