[0.         0.19686012 0.0951897  0.08721437 0.         0.25488421
 0.05630794 0.24704816 0.        ]
[0.         0.09144509 0.07006308 0.66044061 0.         0.
 0.02664119 0.0889138  0.        ]
[0.         0.05111725 0.05659718 0.         0.         0.
 0.75665353 0.07313504 0.        ]
[0.         0.11281507 0.71245197 0.         0.         0.
 0.         0.11223522 0.        ]
[0.         0.87904552 0.         0.         0.         0.
 0.         0.05845598 0.        ]
[0.         0.         0.         0.         0.         0.
 0.         0.93750075 0.        ]
