[0.         0.20209226 0.11654947 0.14038101 0.         0.21959226
 0.04564018 0.21324932 0.        ]
[0.         0.         0.1052999  0.12323595 0.         0.0406627
 0.05040565 0.61789956 0.        ]
[0.         0.         0.07906181 0.09787757 0.         0.13665338
 0.62391024 0.         0.        ]
[0.         0.         0.78677841 0.06415256 0.         0.08657128
 0.         0.         0.        ]
[0.         0.         0.         0.14926337 0.         0.78823813
 0.         0.         0.        ]
[0.         0.         0.         0.93750075 0.         0.
 0.         0.         0.        ]
