[0.         0.26502754 0.0627585  0.09933046 0.         0.32457717
 0.08690417 0.09890665 0.        ]
[0.         0.06257202 0.14491455 0.49734348 0.         0.
 0.12718091 0.10549278 0.        ]
[0.         0.09322298 0.08929005 0.         0.         0.
 0.58913623 0.16585374 0.        ]
[0.         0.04858416 0.76952563 0.         0.         0.
 0.         0.11939246 0.        ]
[0.         0.74311598 0.         0.         0.         0.
 0.         0.19438552 0.        ]
[0.         0.         0.         0.         0.         0.
 0.         0.93750075 0.        ]
