[0.         0.12390671 0.03187871 0.07806554 0.         0.13334006
 0.07034929 0.49996419 0.        ]
[0.         0.616686   0.04214032 0.03829493 0.         0.13325676
 0.10712575 0.         0.        ]
[0.         0.         0.6988211  0.04958525 0.         0.10213012
 0.08696653 0.         0.        ]
[0.         0.         0.         0.06787815 0.         0.08495998
 0.78466412 0.         0.        ]
[0.         0.         0.         0.87824012 0.         0.05926138
 0.         0.         0.        ]
[0.         0.         0.         0.         0.         0.93750075
 0.         0.         0.        ]
