[0.         0.18042756 0.04850395 0.0905144  0.         0.3244549
 0.07669748 0.21690622 0.        ]
[0.         0.08773448 0.17115074 0.49137347 0.         0.
 0.04911022 0.13813484 0.        ]
[0.         0.16532483 0.12547817 0.         0.         0.
 0.52489007 0.12180993 0.        ]
[0.         0.12626889 0.70884981 0.         0.         0.
 0.         0.10238355 0.        ]
[0.         0.84215049 0.         0.         0.         0.
 0.         0.09535101 0.        ]
[0.         0.         0.         0.         0.         0.
 0.         0.93750075 0.        ]
