[0.         0.20949886 0.05025614 0.11171033 0.         0.32103907
 0.09685806 0.14814205 0.        ]
[0.         0.09638202 0.09173879 0.60569021 0.         0.
 0.04554808 0.09814465 0.        ]
[0.         0.08175216 0.09043329 0.         0.         0.
 0.64121886 0.12409869 0.        ]
[0.         0.2065702  0.66316105 0.         0.         0.
 0.         0.06777101 0.        ]
[0.         0.85519833 0.         0.         0.         0.
 0.         0.08230317 0.        ]
[0.         0.         0.         0.         0.         0.
 0.         0.93750075 0.        ]
