[0.         0.25948114 0.05209392 0.10282916 0.         0.2393049
 0.10220784 0.18158753 0.        ]
[0.         0.17283773 0.06527498 0.         0.         0.56353305
 0.06906387 0.06679412 0.        ]
[0.         0.06917319 0.58594634 0.         0.         0.
 0.15721994 0.12516353 0.        ]
[0.         0.2040666  0.         0.         0.         0.
 0.63668871 0.09674695 0.        ]
[0.        0.0676279 0.        0.        0.        0.        0.
 0.8698736 0.       ]
[0.         0.93750075 0.         0.         0.         0.
 0.         0.         0.        ]
