[0.         0.16830379 0.03916448 0.18327368 0.         0.28417418
 0.08085665 0.18173173 0.        ]
[0.         0.48387805 0.09510807 0.16349767 0.         0.08450496
 0.110515   0.         0.        ]
[0.         0.         0.64222268 0.12134089 0.         0.12805305
 0.04588638 0.         0.        ]
[0.         0.         0.         0.17307589 0.         0.13468293
 0.62974344 0.         0.        ]
[0.         0.         0.         0.77295983 0.         0.16454167
 0.         0.         0.        ]
[0.         0.         0.         0.         0.         0.93750075
 0.         0.         0.        ]
