[0.         0.14064784 0.06683154 0.06684462 0.         0.15431369
 0.0413432  0.4675236  0.        ]
[0.         0.59064472 0.05905361 0.09937107 0.         0.09861379
 0.08982057 0.         0.        ]
[0.         0.         0.68693063 0.03847063 0.         0.13945077
 0.07265098 0.         0.        ]
[0.         0.         0.         0.10689481 0.         0.07904322
 0.75156421 0.         0.        ]
[0.        0.        0.        0.749956  0.        0.1875455 0.
 0.        0.       ]
[0.         0.         0.         0.         0.         0.93750075
 0.         0.         0.        ]
