[0.         0.15229542 0.18118017 0.07849848 0.         0.12572537
 0.03124583 0.36855922 0.        ]
[0.         0.63887803 0.1217732  0.09668643 0.         0.02823712
 0.05192896 0.         0.        ]
[0.         0.         0.6529903  0.15331458 0.         0.09268462
 0.0385135  0.         0.        ]
[0.         0.         0.         0.08204091 0.         0.15663864
 0.6988227  0.         0.        ]
[0.         0.         0.         0.73373483 0.         0.20376667
 0.         0.         0.        ]
[0.         0.         0.         0.         0.         0.93750075
 0.         0.         0.        ]
