[0.         0.1649407  0.04778908 0.11003047 0.         0.14188141
 0.10358251 0.36928032 0.        ]
[0.         0.08132032 0.06993542 0.         0.         0.56281309
 0.12900113 0.09443379 0.        ]
[0.         0.10174992 0.48194338 0.         0.         0.
 0.0943217  0.259488   0.        ]
[0.         0.11575615 0.         0.         0.         0.
 0.61130347 0.21044263 0.        ]
[0.         0.23159498 0.         0.         0.         0.
 0.         0.70590652 0.        ]
[0.         0.93750075 0.         0.         0.         0.
 0.         0.         0.        ]
