[0.         0.07409327 0.07025432 0.11105472 0.         0.18171119
 0.03891998 0.46147102 0.        ]
[0.         0.59141995 0.1279532  0.093531   0.         0.06587668
 0.05872292 0.         0.        ]
[0.         0.         0.63526951 0.04453701 0.         0.07510324
 0.18259324 0.         0.        ]
[0.         0.         0.         0.08643636 0.         0.08284935
 0.76821653 0.         0.        ]
[0.         0.         0.         0.83769887 0.         0.09980263
 0.         0.         0.        ]
[0.         0.         0.         0.         0.         0.93750075
 0.         0.         0.        ]
