[0.         0.1318208  0.04213606 0.13158907 0.         0.24204531
 0.04699959 0.34291367 0.        ]
[0.         0.09948277 0.06896108 0.58477449 0.         0.
 0.0355727  0.14871271 0.        ]
[0.         0.09916096 0.10384926 0.         0.         0.
 0.60668964 0.12780313 0.        ]
[0.         0.11358773 0.67155751 0.         0.         0.
 0.         0.15235701 0.        ]
[0.         0.72176762 0.         0.         0.         0.
 0.         0.21573388 0.        ]
[0.         0.         0.         0.         0.         0.
 0.         0.93750075 0.        ]
