[0.         0.16561811 0.04988742 0.08170191 0.         0.11995396
 0.07743933 0.44290377 0.        ]
[0.         0.64489414 0.07171623 0.06934908 0.         0.04229135
 0.10925296 0.         0.        ]
[0.         0.         0.74515726 0.10073628 0.         0.0504791
 0.04113035 0.         0.        ]
[0.         0.         0.         0.11672287 0.         0.11450033
 0.70627905 0.         0.        ]
[0.         0.         0.         0.72968116 0.         0.20782034
 0.         0.         0.        ]
[0.         0.         0.         0.         0.         0.93750075
 0.         0.         0.        ]
