[0.         0.1175158  0.05184058 0.15323922 0.         0.14960776
 0.03753195 0.42776918 0.        ]
[0.         0.62269069 0.08753113 0.07587327 0.         0.0417813
 0.10962737 0.         0.        ]
[0.         0.         0.70924913 0.11459203 0.         0.07304361
 0.04061823 0.         0.        ]
[0.         0.         0.         0.14181298 0.         0.09381641
 0.70187287 0.         0.        ]
[0.         0.         0.         0.78008905 0.         0.15741245
 0.         0.         0.        ]
[0.         0.         0.         0.         0.         0.93750075
 0.         0.         0.        ]
