[0.         0.14096496 0.02291398 0.08012867 0.         0.22915905
 0.02654413 0.43779371 0.        ]
[0.         0.59449327 0.11904631 0.12217711 0.         0.04142104
 0.06036602 0.         0.        ]
[0.         0.         0.63284332 0.07325852 0.         0.14611159
 0.08528957 0.         0.        ]
[0.         0.         0.         0.10377089 0.         0.18169505
 0.65203631 0.         0.        ]
[0.        0.        0.        0.8628601 0.        0.0746414 0.
 0.        0.       ]
[0.         0.         0.         0.         0.         0.93750075
 0.         0.         0.        ]
