[0.         0.19552037 0.11538126 0.11956643 0.         0.15129623
 0.03516986 0.32057035 0.        ]
[0.         0.66272249 0.05030175 0.04308786 0.         0.12747961
 0.05391204 0.         0.        ]
[0.         0.         0.73787403 0.05737729 0.         0.09813271
 0.04411897 0.         0.        ]
[0.         0.         0.         0.17297364 0.         0.09283559
 0.67169301 0.         0.        ]
[0.         0.         0.         0.88052756 0.         0.05697394
 0.         0.         0.        ]
[0.         0.         0.         0.         0.         0.93750075
 0.         0.         0.        ]
