[0.         0.22324164 0.04481901 0.12589767 0.         0.32129324
 0.13070917 0.09154377 0.        ]
[0.         0.         0.0851143  0.03851832 0.         0.04098269
 0.05648548 0.71640297 0.        ]
[0.         0.         0.04744481 0.08057568 0.         0.22434694
 0.58513557 0.         0.        ]
[0.         0.         0.68592936 0.05734187 0.         0.19423103
 0.         0.         0.        ]
[0.         0.         0.         0.31318702 0.         0.62431448
 0.         0.         0.        ]
[0.         0.         0.         0.93750075 0.         0.
 0.         0.         0.        ]
