[0.         0.15344087 0.04677133 0.07370038 0.         0.27505826
 0.11039947 0.27813419 0.        ]
[0.         0.5640682  0.06843086 0.06817843 0.         0.05422547
 0.18260079 0.         0.        ]
[0.         0.         0.65394504 0.10128829 0.         0.06199957
 0.1202701  0.         0.        ]
[0.         0.         0.         0.15831565 0.         0.11450025
 0.66468635 0.         0.        ]
[0.         0.         0.         0.76285697 0.         0.17464453
 0.         0.         0.        ]
[0.         0.         0.         0.         0.         0.93750075
 0.         0.         0.        ]
