[0.         0.13343221 0.03159333 0.06347416 0.         0.11179555
 0.144787   0.45242225 0.        ]
[0.         0.63559641 0.08811649 0.05091046 0.         0.09064815
 0.07223224 0.         0.        ]
[0.         0.         0.66595364 0.13294167 0.         0.07819601
 0.06041167 0.         0.        ]
[0.         0.         0.         0.04465755 0.         0.16126007
 0.73158464 0.         0.        ]
[0.         0.         0.         0.76225579 0.         0.17524571
 0.         0.         0.        ]
[0.         0.         0.         0.         0.         0.93750075
 0.         0.         0.        ]
