[0.         0.35031042 0.07454699 0.07389396 0.         0.27796347
 0.02837725 0.13241241 0.        ]
[0.         0.0505195  0.10490832 0.61687862 0.         0.
 0.11627194 0.04892538 0.        ]
[0.         0.15788224 0.06042737 0.         0.         0.
 0.67173334 0.04746005 0.        ]
[0.         0.15800299 0.70304966 0.         0.         0.
 0.         0.0764496  0.        ]
[0.         0.79633957 0.         0.         0.         0.
 0.         0.14116193 0.        ]
[0.         0.         0.         0.         0.         0.
 0.         0.93750075 0.        ]
