[0.         0.3621381  0.05398475 0.07308422 0.         0.29515609
 0.06808352 0.08505782 0.        ]
[0.         0.054924   0.15598955 0.4662099  0.         0.
 0.14549369 0.11488661 0.        ]
[0.         0.08009561 0.19031609 0.         0.         0.
 0.59108448 0.07600682 0.        ]
[0.         0.15875819 0.68251353 0.         0.         0.
 0.         0.09623053 0.        ]
[0.         0.89488629 0.         0.         0.         0.
 0.         0.04261521 0.        ]
[0.         0.         0.         0.         0.         0.
 0.         0.93750075 0.        ]
