[0.         0.18028242 0.04362744 0.1501424  0.         0.11211328
 0.04700634 0.40433262 0.        ]
[0.         0.11650964 0.1601884  0.4935288  0.         0.
 0.12674573 0.04053118 0.        ]
[0.         0.20774781 0.13464877 0.         0.         0.
 0.47743663 0.11766979 0.        ]
[0.         0.16514961 0.73187714 0.         0.         0.
 0.         0.04047549 0.        ]
[0.        0.7833935 0.        0.        0.        0.        0.
 0.154108  0.       ]
[0.         0.         0.         0.         0.         0.
 0.         0.93750075 0.        ]
