[0.         0.18171572 0.10468958 0.13417248 0.         0.21274934
 0.04604658 0.25813081 0.        ]
[0.         0.61414922 0.06846585 0.12011145 0.         0.0568402
 0.07793704 0.         0.        ]
[0.         0.         0.63195852 0.15782199 0.         0.06454723
 0.08317526 0.         0.        ]
[0.         0.         0.         0.07634103 0.         0.08657044
 0.77459078 0.         0.        ]
[0.         0.         0.         0.73852116 0.         0.19898034
 0.         0.         0.        ]
[0.         0.         0.         0.         0.         0.93750075
 0.         0.         0.        ]
