[0.         0.15334634 0.05273184 0.13713188 0.         0.19747001
 0.0778445  0.31897994 0.        ]
[0.         0.56408841 0.09996204 0.13167419 0.         0.07524357
 0.06653554 0.         0.        ]
[0.         0.         0.65513468 0.07893878 0.         0.11917553
 0.084254   0.         0.        ]
[0.         0.         0.         0.10380764 0.         0.09258278
 0.74111184 0.         0.        ]
[0.         0.         0.         0.76942898 0.         0.16807252
 0.         0.         0.        ]
[0.         0.         0.         0.         0.         0.93750075
 0.         0.         0.        ]
