[0.         0.20316008 0.12568275 0.07611739 0.         0.3516915
 0.06016504 0.12068774 0.        ]
[0.         0.07137937 0.14569008 0.50404781 0.         0.
 0.09536981 0.12101669 0.        ]
[0.         0.0676363  0.15215884 0.         0.         0.
 0.63944164 0.07826621 0.        ]
[0.         0.09348708 0.63835458 0.         0.         0.
 0.         0.20566058 0.        ]
[0.         0.76125568 0.         0.         0.         0.
 0.         0.17624582 0.        ]
[0.         0.         0.         0.         0.         0.
 0.         0.93750075 0.        ]
