[0.         0.1981173  0.06977833 0.10089392 0.         0.14164201
 0.03425306 0.39281988 0.        ]
[0.         0.6409163  0.04826034 0.15167777 0.         0.0460495
 0.05059984 0.         0.        ]
[0.         0.         0.67323555 0.09792528 0.         0.11557985
 0.05076233 0.         0.        ]
[0.         0.         0.         0.20166909 0.         0.06410847
 0.67172469 0.         0.        ]
[0.         0.         0.         0.77114787 0.         0.16635363
 0.         0.         0.        ]
[0.         0.         0.         0.         0.         0.93750075
 0.         0.         0.        ]
