[0.         0.1229183  0.06928779 0.10860957 0.         0.18559539
 0.05838689 0.39270654 0.        ]
[0.         0.60335926 0.08122924 0.06707434 0.         0.05292585
 0.13291506 0.         0.        ]
[0.         0.         0.7723548  0.0697125  0.         0.04533203
 0.05010367 0.         0.        ]
[0.         0.         0.         0.07846831 0.         0.16965274
 0.6893812  0.         0.        ]
[0.         0.         0.         0.82546619 0.         0.11203531
 0.         0.         0.        ]
[0.         0.         0.         0.         0.         0.93750075
 0.         0.         0.        ]
