[0.         0.19177612 0.07914461 0.07827235 0.         0.10738206
 0.05570754 0.42522182 0.        ]
[0.         0.63563232 0.07420402 0.04023209 0.         0.05430969
 0.13312563 0.         0.        ]
[0.         0.         0.718223   0.08211629 0.         0.09339624
 0.04376746 0.         0.        ]
[0.         0.         0.         0.13480743 0.         0.13861147
 0.66408336 0.         0.        ]
[0.         0.         0.         0.79114763 0.         0.14635387
 0.         0.         0.        ]
[0.         0.         0.         0.         0.         0.93750075
 0.         0.         0.        ]
