[0.         0.25677892 0.18738717 0.08681998 0.         0.23887314
 0.05467243 0.11297286 0.        ]
[0.         0.08124532 0.06752299 0.63905405 0.         0.
 0.04757223 0.10210916 0.        ]
[0.         0.06497964 0.06544876 0.         0.         0.
 0.73709888 0.06997572 0.        ]
[0.         0.16706372 0.71879798 0.         0.         0.
 0.         0.05164056 0.        ]
[0.         0.82635771 0.         0.         0.         0.
 0.         0.11114379 0.        ]
[0.         0.         0.         0.         0.         0.
 0.         0.93750075 0.        ]
