[0.         0.1172051  0.03676842 0.17223499 0.         0.26491748
 0.06840409 0.27797443 0.        ]
[0.         0.1006621  0.0537466  0.57361114 0.         0.
 0.14752846 0.06195545 0.        ]
[0.         0.09552935 0.19959745 0.         0.         0.
 0.56674924 0.07562696 0.        ]
[0.         0.09179775 0.68842402 0.         0.         0.
 0.         0.15728047 0.        ]
[0.         0.76015633 0.         0.         0.         0.
 0.         0.17734517 0.        ]
[0.         0.         0.         0.         0.         0.
 0.         0.93750075 0.        ]
