[0.         0.24221772 0.05434544 0.11511939 0.         0.22998179
 0.05201731 0.24382285 0.        ]
[0.         0.         0.1069262  0.10375337 0.         0.08254691
 0.0436662  0.60061107 0.        ]
[0.         0.         0.13008829 0.13702384 0.         0.15248593
 0.51790494 0.         0.        ]
[0.         0.         0.66569646 0.11059191 0.         0.16121388
 0.         0.         0.        ]
[0.         0.         0.         0.20400922 0.         0.73349228
 0.         0.         0.        ]
[0.         0.         0.         0.93750075 0.         0.
 0.         0.         0.        ]
