[0.         0.13106469 0.04557363 0.13550099 0.         0.09878782
 0.05404056 0.47253681 0.        ]
[0.         0.68619372 0.13492873 0.03604809 0.         0.03502328
 0.04530994 0.         0.        ]
[0.         0.         0.76170686 0.07047198 0.         0.06223649
 0.04308768 0.         0.        ]
[0.         0.         0.         0.05211792 0.         0.16057933
 0.724805   0.         0.        ]
[0.        0.        0.        0.7088259 0.        0.2286756 0.
 0.        0.       ]
[0.         0.         0.         0.         0.         0.93750075
 0.         0.         0.        ]
