[0.         0.16684385 0.03604329 0.10860063 0.         0.13202699
 0.06199058 0.43199917 0.        ]
[0.         0.         0.11821247 0.07573294 0.         0.15088239
 0.10243248 0.49024347 0.        ]
[0.         0.         0.0790569  0.11627403 0.         0.09848352
 0.64368854 0.         0.        ]
[0.         0.         0.70269761 0.12349795 0.         0.11130669
 0.         0.         0.        ]
[0.         0.         0.         0.18460336 0.         0.75289814
 0.         0.         0.        ]
[0.         0.         0.         0.93750075 0.         0.
 0.         0.         0.        ]
