[0.         0.10304989 0.02775015 0.12546631 0.         0.19628748
 0.06997753 0.41497314 0.        ]
[0.         0.56484628 0.13176538 0.09774429 0.         0.08213827
 0.06100953 0.         0.        ]
[0.         0.         0.61693124 0.07177226 0.         0.08775566
 0.16104384 0.         0.        ]
[0.         0.         0.         0.14215482 0.         0.16159855
 0.63374888 0.         0.        ]
[0.         0.         0.         0.77492882 0.         0.16257268
 0.         0.         0.        ]
[0.         0.         0.         0.         0.         0.93750075
 0.         0.         0.        ]
