[0.         0.14738009 0.03828259 0.09892974 0.         0.16598415
 0.04920408 0.43772384 0.        ]
[0.         0.58894802 0.06609452 0.10913746 0.         0.06845206
 0.10487168 0.         0.        ]
[0.         0.         0.63192231 0.13553957 0.         0.05534094
 0.11470018 0.         0.        ]
[0.         0.         0.         0.18951817 0.         0.0701263
 0.67785778 0.         0.        ]
[0.         0.         0.         0.84646057 0.         0.09104093
 0.         0.         0.        ]
[0.         0.         0.         0.         0.         0.93750075
 0.         0.         0.        ]
