[0.         0.13721415 0.10263012 0.07241838 0.         0.13127845
 0.14405779 0.34990561 0.        ]
[0.         0.07932878 0.09133057 0.58470845 0.         0.
 0.11489019 0.06724577 0.        ]
[0.         0.11639208 0.09323899 0.         0.         0.
 0.61747886 0.11039306 0.        ]
[0.         0.07099096 0.78204718 0.         0.         0.
 0.         0.08446411 0.        ]
[0.        0.6840527 0.        0.        0.        0.        0.
 0.2534488 0.       ]
[0.         0.         0.         0.         0.         0.
 0.         0.93750075 0.        ]
