[0.         0.17570695 0.06633006 0.06896855 0.         0.11926994
 0.10700761 0.40022138 0.        ]
[0.         0.60898117 0.04083612 0.15452241 0.         0.03915331
 0.09401073 0.         0.        ]
[0.         0.         0.6994014  0.05174924 0.         0.07333276
 0.1130196  0.         0.        ]
[0.         0.         0.         0.17411696 0.         0.12910172
 0.63428357 0.         0.        ]
[0.         0.         0.         0.77870237 0.         0.15879913
 0.         0.         0.        ]
[0.         0.         0.         0.         0.         0.93750075
 0.         0.         0.        ]
