[0.         0.28928169 0.09734577 0.08122526 0.         0.22569877
 0.09802824 0.14592477 0.        ]
[0.         0.         0.05733945 0.0525928  0.         0.04736179
 0.10824977 0.67195994 0.        ]
[0.         0.         0.20672027 0.04987865 0.         0.12147807
 0.55942601 0.         0.        ]
[0.         0.         0.77041303 0.07934674 0.         0.08774247
 0.         0.         0.        ]
[0.         0.         0.         0.12663741 0.         0.81086409
 0.         0.         0.        ]
[0.         0.         0.         0.93750075 0.         0.
 0.         0.         0.        ]
