[0.         0.14994979 0.03443659 0.08808235 0.         0.21940333
 0.03211468 0.41351775 0.        ]
[0.         0.68315869 0.03971763 0.03978934 0.         0.03397518
 0.14086291 0.         0.        ]
[0.         0.         0.66957643 0.12478141 0.         0.03597675
 0.1071684  0.         0.        ]
[0.         0.         0.         0.18430833 0.         0.10453972
 0.6486542  0.         0.        ]
[0.         0.         0.         0.70712293 0.         0.23037857
 0.         0.         0.        ]
[0.         0.         0.         0.         0.         0.93750075
 0.         0.         0.        ]
