[0.         0.16987263 0.08041373 0.06639648 0.         0.17855422
 0.03598132 0.40628612 0.        ]
[0.         0.70489947 0.10263423 0.04064757 0.         0.04190153
 0.04742095 0.         0.        ]
[0.         0.         0.73235933 0.10595701 0.         0.05692612
 0.04226053 0.         0.        ]
[0.         0.         0.         0.08170043 0.         0.08770574
 0.76809608 0.         0.        ]
[0.         0.         0.         0.73416149 0.         0.20334001
 0.         0.         0.        ]
[0.         0.         0.         0.         0.         0.93750075
 0.         0.         0.        ]
