[0.         0.16279801 0.03058582 0.05853044 0.         0.15744979
 0.03071834 0.49742209 0.        ]
[0.         0.68607752 0.06153308 0.09723785 0.         0.04270004
 0.04995526 0.         0.        ]
[0.         0.         0.70060458 0.14457072 0.         0.04551144
 0.04681626 0.         0.        ]
[0.         0.         0.         0.2031463  0.         0.04844738
 0.68590857 0.         0.        ]
[0.         0.         0.         0.83269791 0.         0.10480359
 0.         0.         0.        ]
[0.         0.         0.         0.         0.         0.93750075
 0.         0.         0.        ]
