[0.         0.17947639 0.08169891 0.08998872 0.         0.12058327
 0.027152   0.43860522 0.        ]
[0.         0.         0.09106476 0.10095877 0.         0.05764763
 0.10457169 0.5832609  0.        ]
[0.         0.         0.16150177 0.10715599 0.         0.08648488
 0.58236037 0.         0.        ]
[0.         0.         0.7271133  0.07536075 0.         0.1350282
 0.         0.         0.        ]
[0.         0.         0.         0.16820176 0.         0.76929974
 0.         0.         0.        ]
[0.         0.         0.         0.93750075 0.         0.
 0.         0.         0.        ]
