[0.         0.21241363 0.03668936 0.08843692 0.         0.13693611
 0.04339616 0.41963232 0.        ]
[0.         0.71177154 0.05443983 0.04853858 0.         0.04579446
 0.07695935 0.         0.        ]
[0.         0.         0.72245975 0.09568797 0.         0.04602706
 0.07332821 0.         0.        ]
[0.         0.         0.         0.06745792 0.         0.11981164
 0.7502327  0.         0.        ]
[0.         0.         0.         0.79901889 0.         0.13848261
 0.         0.         0.        ]
[0.         0.         0.         0.         0.         0.93750075
 0.         0.         0.        ]
