[0.         0.18858383 0.07633881 0.08902845 0.         0.2226112
 0.03492213 0.32602008 0.        ]
[0.         0.58285215 0.07808746 0.14619824 0.         0.04587872
 0.08448719 0.         0.        ]
[0.         0.         0.63302613 0.04841894 0.         0.10181291
 0.15424502 0.         0.        ]
[0.         0.         0.         0.15935845 0.         0.14396452
 0.63417928 0.         0.        ]
[0.         0.         0.         0.82335163 0.         0.11414987
 0.         0.         0.        ]
[0.         0.         0.         0.         0.         0.93750075
 0.         0.         0.        ]
