[0.         0.14949079 0.03151394 0.14259322 0.         0.12961716
 0.04705031 0.43723909 0.        ]
[0.         0.6020154  0.12641219 0.10611054 0.         0.04758459
 0.05538102 0.         0.        ]
[0.         0.         0.6990967  0.05661535 0.         0.11043318
 0.07135777 0.         0.        ]
[0.         0.         0.         0.13198194 0.         0.11552966
 0.68999066 0.         0.        ]
[0.         0.         0.         0.79959867 0.         0.13790283
 0.         0.         0.        ]
[0.         0.         0.         0.         0.         0.93750075
 0.         0.         0.        ]
