[0.         0.18543698 0.03094851 0.10323715 0.         0.10330608
 0.04606965 0.46850613 0.        ]
[0.         0.         0.09229646 0.11175471 0.         0.04817168
 0.10848741 0.57679348 0.        ]
[0.         0.         0.09129126 0.14342293 0.         0.14574644
 0.55704237 0.         0.        ]
[0.         0.         0.68787457 0.07034179 0.         0.17928588
 0.         0.         0.        ]
[0.         0.         0.         0.25081234 0.         0.68668916
 0.         0.         0.        ]
[0.         0.         0.         0.93750075 0.         0.
 0.         0.         0.        ]
