[0.         0.32728357 0.11301468 0.17082977 0.         0.20349184
 0.03118857 0.09169607 0.        ]
[0.         0.13821359 0.12438418 0.58175293 0.         0.
 0.03547363 0.05767942 0.        ]
[0.         0.09810077 0.08719801 0.         0.         0.
 0.71093722 0.04126701 0.        ]
[0.         0.12164484 0.6966524  0.         0.         0.
 0.         0.11920501 0.        ]
[0.         0.78116587 0.         0.         0.         0.
 0.         0.15633563 0.        ]
[0.         0.         0.         0.         0.         0.
 0.         0.93750075 0.        ]
