[0.         0.14356618 0.18313072 0.10186135 0.         0.14080341
 0.06344921 0.30469364 0.        ]
[0.         0.6938324  0.08643814 0.0265883  0.         0.09417911
 0.03646581 0.         0.        ]
[0.         0.         0.65397697 0.04504073 0.         0.12915888
 0.10932642 0.         0.        ]
[0.         0.         0.         0.06763898 0.         0.15543024
 0.71443303 0.         0.        ]
[0.         0.         0.         0.74056624 0.         0.19693526
 0.         0.         0.        ]
[0.         0.         0.         0.         0.         0.93750075
 0.         0.         0.        ]
