[0.         0.1664604  0.04047666 0.16273796 0.         0.15719706
 0.06293044 0.34770198 0.        ]
[0.         0.60904359 0.07301881 0.09484594 0.         0.10117409
 0.05942132 0.         0.        ]
[0.         0.         0.6830077  0.04219054 0.         0.15007231
 0.06223245 0.         0.        ]
[0.         0.         0.         0.11343055 0.         0.20000763
 0.62406406 0.         0.        ]
[0.         0.         0.         0.87561971 0.         0.06188179
 0.         0.         0.        ]
[0.         0.         0.         0.         0.         0.93750075
 0.         0.         0.        ]
