[0.         0.16973528 0.04156926 0.06304034 0.         0.11960377
 0.08949452 0.45406132 0.        ]
[0.         0.68922613 0.08104789 0.08748065 0.         0.03911013
 0.04063894 0.         0.        ]
[0.         0.         0.69993516 0.08930963 0.         0.0819083
 0.06634991 0.         0.        ]
[0.         0.         0.         0.04822973 0.         0.22683502
 0.6624375  0.         0.        ]
[0.         0.         0.         0.81312371 0.         0.12437779
 0.         0.         0.        ]
[0.         0.         0.         0.         0.         0.93750075
 0.         0.         0.        ]
