[0.         0.13880415 0.0420147  0.10980264 0.         0.11745704
 0.07267584 0.45675013 0.        ]
[0.         0.63165276 0.12956727 0.03735072 0.         0.04676466
 0.09216833 0.         0.        ]
[0.         0.         0.72274657 0.03785643 0.         0.04117572
 0.13572428 0.         0.        ]
[0.         0.         0.         0.11779821 0.         0.07153661
 0.74816743 0.         0.        ]
[0.         0.         0.         0.76781077 0.         0.16969073
 0.         0.         0.        ]
[0.         0.         0.         0.         0.         0.93750075
 0.         0.         0.        ]
