[0.         0.16881911 0.0699827  0.1073188  0.         0.10638215
 0.0781247  0.40687705 0.        ]
[0.         0.64667301 0.11201404 0.05407434 0.         0.03551908
 0.08922328 0.         0.        ]
[0.         0.         0.64655205 0.06834434 0.         0.04123811
 0.1813685  0.         0.        ]
[0.         0.         0.         0.1080272  0.         0.09530353
 0.73417152 0.         0.        ]
[0.         0.         0.         0.75725943 0.         0.18024207
 0.         0.         0.        ]
[0.         0.         0.         0.         0.         0.93750075
 0.         0.         0.        ]
