[0.         0.09420454 0.03296072 0.08474967 0.         0.1461025
 0.09171629 0.48777077 0.        ]
[0.         0.69772276 0.1174514  0.04158732 0.         0.03672743
 0.04401484 0.         0.        ]
[0.         0.         0.67140534 0.04166794 0.         0.10502257
 0.11940716 0.         0.        ]
[0.         0.         0.         0.06142721 0.         0.11115654
 0.7649185  0.         0.        ]
[0.         0.         0.         0.80714722 0.         0.13035428
 0.         0.         0.        ]
[0.         0.         0.         0.         0.         0.93750075
 0.         0.         0.        ]
