[0.         0.17853793 0.08300304 0.06309018 0.         0.10811523
 0.0695157  0.43524241 0.        ]
[0.         0.62127191 0.11623097 0.02995951 0.         0.10147558
 0.06856579 0.         0.        ]
[0.         0.         0.65895614 0.06514024 0.         0.10985985
 0.10354676 0.         0.        ]
[0.         0.         0.         0.18313707 0.         0.05602002
 0.69834516 0.         0.        ]
[0.         0.         0.         0.71241041 0.         0.22509109
 0.         0.         0.        ]
[0.         0.         0.         0.         0.         0.93750075
 0.         0.         0.        ]
