[0.         0.20637118 0.06242973 0.05770671 0.         0.31231769
 0.11286125 0.18581793 0.        ]
[0.         0.12594309 0.15683559 0.4636361  0.         0.
 0.09653584 0.09455313 0.        ]
[0.         0.10644814 0.21172077 0.         0.         0.
 0.53949726 0.07983683 0.        ]
[0.         0.14264422 0.7067416  0.         0.         0.
 0.         0.08811643 0.        ]
[0.         0.81806074 0.         0.         0.         0.
 0.         0.11944076 0.        ]
[0.         0.         0.         0.         0.         0.
 0.         0.93750075 0.        ]
