[0.         0.22634873 0.04264368 0.13489649 0.         0.3664917
 0.03562876 0.13149514 0.        ]
[0.         0.10516384 0.09391028 0.50581632 0.         0.
 0.10012652 0.13248679 0.        ]
[0.         0.12222441 0.05811279 0.         0.         0.
 0.62232537 0.13484043 0.        ]
[0.         0.1260975  0.68458929 0.         0.         0.
 0.         0.12681547 0.        ]
[0.         0.72236335 0.         0.         0.         0.
 0.         0.21513815 0.        ]
[0.         0.         0.         0.         0.         0.
 0.         0.93750075 0.        ]
