[0.         0.11262036 0.05105826 0.17927305 0.         0.20896595
 0.02872482 0.35686204 0.        ]
[0.         0.08707965 0.10550025 0.         0.         0.61492269
 0.05709371 0.07290746 0.        ]
[0.         0.05762688 0.65600151 0.         0.         0.
 0.0431311  0.18074351 0.        ]
[0.         0.22556446 0.         0.         0.         0.
 0.66646225 0.04547554 0.        ]
[0.         0.16178907 0.         0.         0.         0.
 0.         0.77571243 0.        ]
[0.         0.93750075 0.         0.         0.         0.
 0.         0.         0.        ]
