[0.         0.20459922 0.06439307 0.12608831 0.         0.24245439
 0.06097004 0.23899948 0.        ]
[0.         0.09904633 0.16320224 0.58365273 0.         0.
 0.03753601 0.05406644 0.        ]
[0.         0.09481778 0.15783249 0.         0.         0.
 0.61240324 0.0724495  0.        ]
[0.         0.10290412 0.79688519 0.         0.         0.
 0.         0.03771294 0.        ]
[0.         0.77161202 0.         0.         0.         0.
 0.         0.16588948 0.        ]
[0.         0.         0.         0.         0.         0.
 0.         0.93750075 0.        ]
