[0.         0.12877711 0.15836874 0.06953101 0.         0.12710773
 0.04721288 0.40650704 0.        ]
[0.         0.11702501 0.15562919 0.46277841 0.         0.
 0.07288833 0.12918281 0.        ]
[0.         0.11088589 0.06225253 0.         0.         0.
 0.65266467 0.11169991 0.        ]
[0.         0.16280376 0.70463921 0.         0.         0.
 0.         0.07005928 0.        ]
[0.         0.79978269 0.         0.         0.         0.
 0.         0.13771881 0.        ]
[0.         0.         0.         0.         0.         0.
 0.         0.93750075 0.        ]
