[0.         0.12338791 0.06863734 0.14931715 0.         0.21090108
 0.04192052 0.34334049 0.        ]
[0.         0.06280729 0.10146056 0.59189767 0.         0.
 0.08455579 0.09678244 0.        ]
[0.         0.17214128 0.15995768 0.         0.         0.
 0.39196603 0.21343801 0.        ]
[0.         0.07039415 0.77670141 0.         0.         0.
 0.         0.09040669 0.        ]
[0.         0.78055685 0.         0.         0.         0.
 0.         0.15694465 0.        ]
[0.         0.         0.         0.         0.         0.
 0.         0.93750075 0.        ]
