[0.         0.15733026 0.06907108 0.07443455 0.         0.19424261
 0.03008558 0.41234042 0.        ]
[0.         0.66427331 0.08796329 0.06165799 0.         0.05336086
 0.0702483  0.         0.        ]
[0.         0.         0.80266883 0.0344534  0.         0.04788909
 0.05249169 0.         0.        ]
[0.         0.         0.         0.16099064 0.         0.07543133
 0.70108028 0.         0.        ]
[0.        0.        0.        0.7186996 0.        0.2188019 0.
 0.        0.       ]
[0.         0.         0.         0.         0.         0.93750075
 0.         0.         0.        ]
