[0.         0.38326507 0.09376102 0.07136311 0.         0.23709258
 0.05460993 0.09741279 0.        ]
[0.         0.07502661 0.19352016 0.56235199 0.         0.
 0.05381191 0.05279307 0.        ]
[0.         0.0884548  0.12888109 0.         0.         0.
 0.62967116 0.09049596 0.        ]
[0.         0.14781932 0.6935395  0.         0.         0.
 0.         0.09614342 0.        ]
[0.         0.74503647 0.         0.         0.         0.
 0.         0.19246503 0.        ]
[0.         0.         0.         0.         0.         0.
 0.         0.93750075 0.        ]
