[0.         0.20868956 0.07717853 0.13019824 0.         0.31229818
 0.05185658 0.15728341 0.        ]
[0.         0.18952987 0.06024276 0.58994515 0.         0.
 0.02987297 0.067913   0.        ]
[0.         0.10519044 0.06231591 0.         0.         0.
 0.71763627 0.05236038 0.        ]
[0.         0.05472179 0.68605739 0.         0.         0.
 0.         0.19672307 0.        ]
[0.         0.86815261 0.         0.         0.         0.
 0.         0.06934889 0.        ]
[0.         0.         0.         0.         0.         0.
 0.         0.93750075 0.        ]
