[0.         0.15750947 0.14320948 0.0611447  0.         0.11172866
 0.04812962 0.41578258 0.        ]
[0.         0.61004634 0.05425097 0.09193561 0.         0.04832258
 0.13294825 0.         0.        ]
[0.         0.         0.70612848 0.09933879 0.         0.08399408
 0.04804165 0.         0.        ]
[0.         0.         0.         0.20555143 0.         0.07042007
 0.66153075 0.         0.        ]
[0.         0.         0.         0.73628425 0.         0.20121725
 0.         0.         0.        ]
[0.         0.         0.         0.         0.         0.93750075
 0.         0.         0.        ]
