[0.         0.14487174 0.09134515 0.07948743 0.         0.13586778
 0.0802845  0.4056479  0.        ]
[0.         0.61120014 0.10133974 0.0346882  0.         0.1381127
 0.05216297 0.         0.        ]
[0.         0.         0.68110254 0.08058198 0.         0.09754065
 0.07827782 0.         0.        ]
[0.         0.         0.         0.05545125 0.         0.19655995
 0.68549105 0.         0.        ]
[0.         0.         0.         0.79489254 0.         0.14260896
 0.         0.         0.        ]
[0.         0.         0.         0.         0.         0.93750075
 0.         0.         0.        ]
