[0.         0.38624366 0.0813262  0.09809802 0.         0.22519702
 0.04140686 0.10523274 0.        ]
[0.         0.19804677 0.07843554 0.         0.         0.57348018
 0.05098004 0.03656122 0.        ]
[0.         0.09181053 0.58433245 0.         0.         0.
 0.12604194 0.13531808 0.        ]
[0.         0.08785905 0.         0.         0.         0.
 0.745954   0.1036892  0.        ]
[0.         0.23087955 0.         0.         0.         0.
 0.         0.70662195 0.        ]
[0.         0.93750075 0.         0.         0.         0.
 0.         0.         0.        ]
