[0.         0.14598781 0.12824379 0.07103573 0.         0.12342461
 0.06278101 0.40603155 0.        ]
[0.         0.70603754 0.12111431 0.04005786 0.         0.03136576
 0.03892828 0.         0.        ]
[0.         0.         0.64550735 0.12998617 0.         0.08750347
 0.07450601 0.         0.        ]
[0.         0.         0.         0.13815331 0.         0.11142878
 0.68792017 0.         0.        ]
[0.         0.         0.         0.86286593 0.         0.07463557
 0.         0.         0.        ]
[0.         0.         0.         0.         0.         0.93750075
 0.         0.         0.        ]
