[0.         0.34311055 0.06050562 0.0945513  0.         0.09250621
 0.02885102 0.3179798  0.        ]
[0.         0.         0.11718363 0.05919876 0.         0.0877349
 0.12054406 0.5528424  0.        ]
[0.         0.         0.14658965 0.08781956 0.         0.08326064
 0.61983315 0.         0.        ]
[0.         0.         0.69182764 0.14074105 0.         0.10493356
 0.         0.         0.        ]
[0.         0.         0.         0.24806414 0.         0.68943736
 0.         0.         0.        ]
[0.         0.         0.         0.93750075 0.         0.
 0.         0.         0.        ]
