[0.         0.16016898 0.06696076 0.09689261 0.         0.21294268
 0.03121464 0.36932483 0.        ]
[0.         0.60221703 0.12432437 0.06907011 0.         0.08983247
 0.05205978 0.         0.        ]
[0.         0.         0.73116841 0.08659468 0.         0.08005261
 0.0396873  0.         0.        ]
[0.         0.         0.         0.12124497 0.         0.20478582
 0.61147147 0.         0.        ]
[0.        0.        0.        0.8251928 0.        0.1123087 0.
 0.        0.       ]
[0.         0.         0.         0.         0.         0.93750075
 0.         0.         0.        ]
