[0.         0.18399297 0.07218881 0.13196036 0.         0.18142389
 0.05126092 0.31667755 0.        ]
[0.         0.10046489 0.15049983 0.         0.         0.46916755
 0.10990886 0.10746261 0.        ]
[0.         0.16493255 0.38336159 0.         0.         0.
 0.0856713  0.30353756 0.        ]
[0.         0.15507742 0.         0.         0.         0.
 0.69417022 0.08825461 0.        ]
[0.         0.06710254 0.         0.         0.         0.
 0.         0.87039896 0.        ]
[0.         0.93750075 0.         0.         0.         0.
 0.         0.         0.        ]
