[0.         0.144723   0.05572988 0.0484958  0.         0.09697795
 0.05079834 0.54077952 0.        ]
[0.         0.63699994 0.04180533 0.05619976 0.         0.04028577
 0.16221295 0.         0.        ]
[0.         0.         0.77020215 0.06501787 0.         0.03342433
 0.06885865 0.         0.        ]
[0.         0.         0.         0.05065817 0.         0.20266771
 0.68417638 0.         0.        ]
[0.        0.        0.        0.7313139 0.        0.2061876 0.
 0.        0.       ]
[0.         0.         0.         0.         0.         0.93750075
 0.         0.         0.        ]
