[0.         0.19151086 0.06399257 0.13150545 0.         0.14208079
 0.07011209 0.33830272 0.        ]
[0.         0.         0.08745948 0.12153236 0.         0.05461641
 0.11836639 0.55552911 0.        ]
[0.         0.         0.19347443 0.09555478 0.         0.14211389
 0.50635989 0.         0.        ]
[0.         0.         0.68352774 0.05612705 0.         0.19784746
 0.         0.         0.        ]
[0.         0.         0.         0.21690642 0.         0.72059508
 0.         0.         0.        ]
[0.         0.         0.         0.93750075 0.         0.
 0.         0.         0.        ]
