[0.         0.16917137 0.03379938 0.0970211  0.         0.10003041
 0.09035833 0.4471239  0.        ]
[0.         0.61760469 0.1121731  0.06696118 0.         0.08955561
 0.05120917 0.         0.        ]
[0.         0.         0.67418606 0.04522402 0.         0.13592352
 0.0821694  0.         0.        ]
[0.         0.         0.         0.09430982 0.         0.18800443
 0.655188   0.         0.        ]
[0.         0.         0.         0.78129775 0.         0.15620375
 0.         0.         0.        ]
[0.         0.         0.         0.         0.         0.93750075
 0.         0.         0.        ]
