[0.         0.13118438 0.05420353 0.07007756 0.         0.21842503
 0.03355297 0.43006103 0.        ]
[0.         0.64277421 0.07393421 0.04283155 0.         0.06579098
 0.11217279 0.         0.        ]
[0.         0.         0.69898043 0.0928759  0.         0.10111761
 0.04452906 0.         0.        ]
[0.         0.         0.         0.07136012 0.         0.19004185
 0.67610028 0.         0.        ]
[0.         0.         0.         0.80601186 0.         0.13148964
 0.         0.         0.        ]
[0.         0.         0.         0.         0.         0.93750075
 0.         0.         0.        ]
