[0.         0.30227186 0.07842178 0.16131255 0.         0.21458387
 0.06804581 0.11286862 0.        ]
[0.         0.         0.1359915  0.06040475 0.         0.11093646
 0.04607218 0.58409886 0.        ]
[0.         0.         0.07780957 0.10676342 0.         0.1383115
 0.6146185  0.         0.        ]
[0.         0.         0.69592618 0.08472331 0.         0.15685276
 0.         0.         0.        ]
[0.         0.         0.         0.27759769 0.         0.65990381
 0.         0.         0.        ]
[0.         0.         0.         0.93750075 0.         0.
 0.         0.         0.        ]
