[0.         0.24967482 0.04554607 0.05626502 0.         0.1605081
 0.03502957 0.39048092 0.        ]
[0.         0.65722792 0.05576846 0.09965088 0.         0.06277968
 0.0620768  0.         0.        ]
[0.         0.         0.71930365 0.08489539 0.         0.05217809
 0.08112586 0.         0.        ]
[0.         0.         0.         0.08984836 0.         0.19397226
 0.65368163 0.         0.        ]
[0.         0.         0.         0.76244256 0.         0.17505894
 0.         0.         0.        ]
[0.         0.         0.         0.         0.         0.93750075
 0.         0.         0.        ]
