[0.         0.36646156 0.12752309 0.0758572  0.         0.23090284
 0.06622279 0.07053702 0.        ]
[0.         0.         0.08456737 0.08936626 0.         0.03659608
 0.07653381 0.65044022 0.        ]
[0.         0.         0.04583391 0.10218452 0.         0.17969614
 0.60978843 0.         0.        ]
[0.         0.         0.72362568 0.13235369 0.         0.08152288
 0.         0.         0.        ]
[0.         0.         0.         0.20596069 0.         0.73154081
 0.         0.         0.        ]
[0.         0.         0.         0.93750075 0.         0.
 0.         0.         0.        ]
