[0.         0.15551021 0.03383028 0.07309628 0.         0.16156147
 0.08978065 0.42372562 0.        ]
[0.         0.65335959 0.10846413 0.08532452 0.         0.04938062
 0.04097489 0.         0.        ]
[0.         0.         0.75328584 0.03848172 0.         0.07514117
 0.07059426 0.         0.        ]
[0.         0.         0.         0.17920879 0.         0.05817253
 0.70012093 0.         0.        ]
[0.         0.         0.         0.78096732 0.         0.15653418
 0.         0.         0.        ]
[0.         0.         0.         0.         0.         0.93750075
 0.         0.         0.        ]
