[0.         0.22033556 0.0400155  0.08248659 0.         0.10466685
 0.08377644 0.40622356 0.        ]
[0.         0.63679896 0.05972462 0.04095594 0.         0.12723951
 0.07278472 0.         0.        ]
[0.         0.         0.66457121 0.05607309 0.         0.0879788
 0.1288799  0.         0.        ]
[0.         0.         0.         0.06117922 0.         0.1998008
 0.67652223 0.         0.        ]
[0.         0.         0.         0.85117403 0.         0.08632747
 0.         0.         0.        ]
[0.         0.         0.         0.         0.         0.93750075
 0.         0.         0.        ]
