[0.         0.19464339 0.08267217 0.06788331 0.         0.13197176
 0.04653339 0.41380047 0.        ]
[0.         0.63956911 0.0825933  0.10004275 0.         0.08249831
 0.03280029 0.         0.        ]
[0.         0.         0.63677615 0.17876197 0.         0.05318399
 0.06878089 0.         0.        ]
[0.         0.         0.         0.12474204 0.         0.08892011
 0.7238401  0.         0.        ]
[0.         0.         0.         0.74376751 0.         0.19373399
 0.         0.         0.        ]
[0.         0.         0.         0.         0.         0.93750075
 0.         0.         0.        ]
