[0.         0.15407048 0.04905514 0.09052164 0.         0.14935528
 0.04472025 0.44978171 0.        ]
[0.         0.61258228 0.04499899 0.05015903 0.         0.0647002
 0.16506325 0.         0.        ]
[0.         0.         0.63026971 0.10508375 0.         0.06141356
 0.14073598 0.         0.        ]
[0.         0.         0.         0.16768125 0.         0.11562779
 0.65419321 0.         0.        ]
[0.         0.         0.         0.72222078 0.         0.21528072
 0.         0.         0.        ]
[0.         0.         0.         0.         0.         0.93750075
 0.         0.         0.        ]
