[0.         0.17497477 0.02922085 0.06114975 0.         0.16387768
 0.05773635 0.45054511 0.        ]
[0.         0.63261623 0.14401307 0.05369407 0.         0.06309201
 0.04408837 0.         0.        ]
[0.         0.         0.66493567 0.04773385 0.         0.09048322
 0.13435026 0.         0.        ]
[0.         0.         0.         0.18481461 0.         0.07509252
 0.67759512 0.         0.        ]
[0.         0.         0.         0.75026688 0.         0.18723462
 0.         0.         0.        ]
[0.         0.         0.         0.         0.         0.93750075
 0.         0.         0.        ]
