[0.         0.26353604 0.11611456 0.09226661 0.         0.23979842
 0.08949919 0.13628969 0.        ]
[0.         0.         0.15001268 0.04608218 0.         0.07220039
 0.08700413 0.58220437 0.        ]
[0.         0.         0.07533698 0.07881095 0.         0.17929891
 0.60405616 0.         0.        ]
[0.         0.         0.68688884 0.14732215 0.         0.10329127
 0.         0.         0.        ]
[0.         0.         0.         0.27826876 0.         0.65923274
 0.         0.         0.        ]
[0.         0.         0.         0.93750075 0.         0.
 0.         0.         0.        ]
