[0.         0.2810975  0.08968541 0.07014593 0.         0.23169245
 0.08646063 0.17842259 0.        ]
[0.         0.57724489 0.10947338 0.05414922 0.         0.09208913
 0.10454713 0.         0.        ]
[0.         0.         0.65909825 0.08083467 0.         0.09786395
 0.09970613 0.         0.        ]
[0.         0.         0.         0.06312601 0.         0.21733878
 0.65703746 0.         0.        ]
[0.         0.         0.         0.85756857 0.         0.07993293
 0.         0.         0.        ]
[0.         0.         0.         0.         0.         0.93750075
 0.         0.         0.        ]
