[0.         0.1702763  0.07861868 0.11985593 0.         0.14819406
 0.08551077 0.33504876 0.        ]
[0.         0.         0.08256036 0.07473629 0.         0.13852715
 0.10285641 0.53882355 0.        ]
[0.         0.         0.16200874 0.0477994  0.         0.1314006
 0.59629426 0.         0.        ]
[0.         0.         0.71219515 0.07257225 0.         0.15273485
 0.         0.         0.        ]
[0.        0.        0.        0.2040475 0.        0.733454  0.
 0.        0.       ]
[0.         0.         0.         0.93750075 0.         0.
 0.         0.         0.        ]
