[0.         0.22784383 0.08675549 0.08491003 0.         0.12776432
 0.0321181  0.37811274 0.        ]
[0.         0.63077661 0.07555911 0.04962498 0.         0.12199151
 0.05955153 0.         0.        ]
[0.         0.         0.70641893 0.08783481 0.         0.09909626
 0.044153   0.         0.        ]
[0.         0.         0.         0.07034221 0.         0.25190904
 0.615251   0.         0.        ]
[0.         0.         0.         0.82307875 0.         0.11442275
 0.         0.         0.        ]
[0.         0.         0.         0.         0.         0.93750075
 0.         0.         0.        ]
