[0.         0.17044123 0.03065813 0.11640067 0.         0.18677375
 0.03815134 0.39507938 0.        ]
[0.         0.70537924 0.04577459 0.04088933 0.         0.06195478
 0.08350581 0.         0.        ]
[0.         0.         0.62534114 0.06797436 0.         0.12701916
 0.11716834 0.         0.        ]
[0.         0.         0.         0.16605414 0.         0.11044361
 0.66100449 0.         0.        ]
[0.         0.         0.         0.80847273 0.         0.12902877
 0.         0.         0.        ]
[0.         0.         0.         0.         0.         0.93750075
 0.         0.         0.        ]
