[0.         0.18829115 0.05613543 0.09892063 0.         0.1611711
 0.04523855 0.38774765 0.        ]
[0.         0.         0.11268639 0.13713481 0.         0.07546662
 0.05665446 0.55556146 0.        ]
[0.         0.         0.08167511 0.04830507 0.         0.13845661
 0.66906621 0.         0.        ]
[0.         0.         0.74053262 0.10348016 0.         0.09348947
 0.         0.         0.        ]
[0.         0.         0.         0.19789721 0.         0.73960429
 0.         0.         0.        ]
[0.         0.         0.         0.93750075 0.         0.
 0.         0.         0.        ]
