[0.         0.21948176 0.04925319 0.14551501 0.         0.22681935
 0.07926736 0.21716783 0.        ]
[0.         0.67195749 0.0655288  0.1049529  0.         0.04362254
 0.05144201 0.         0.        ]
[0.         0.         0.6177822  0.13087752 0.         0.116964
 0.07187928 0.         0.        ]
[0.         0.         0.         0.15600869 0.         0.10967649
 0.67181707 0.         0.        ]
[0.         0.         0.         0.73664206 0.         0.20085944
 0.         0.         0.        ]
[0.         0.         0.         0.         0.         0.93750075
 0.         0.         0.        ]
