[0.         0.40896537 0.06538467 0.07708115 0.         0.08115948
 0.0687005  0.23621332 0.        ]
[0.         0.         0.16755944 0.05279762 0.         0.04754921
 0.09082759 0.57876989 0.        ]
[0.         0.         0.06141734 0.1444667  0.         0.12913855
 0.60248041 0.         0.        ]
[0.         0.         0.65741822 0.1702169  0.         0.10986713
 0.         0.         0.        ]
[0.         0.         0.         0.23341487 0.         0.70408663
 0.         0.         0.        ]
[0.         0.         0.         0.93750075 0.         0.
 0.         0.         0.        ]
