[0.         0.28524273 0.0611866  0.14019741 0.         0.14906036
 0.05829827 0.24351913 0.        ]
[0.         0.64838451 0.06753202 0.0399191  0.         0.10286074
 0.07880738 0.         0.        ]
[0.         0.         0.66824977 0.03719753 0.         0.08023023
 0.15182546 0.         0.        ]
[0.         0.         0.         0.09405128 0.         0.10722709
 0.73622387 0.         0.        ]
[0.        0.        0.        0.7765336 0.        0.1609679 0.
 0.        0.       ]
[0.         0.         0.         0.         0.         0.93750075
 0.         0.         0.        ]
