[0.         0.1594374  0.04498286 0.14074122 0.         0.18206727
 0.03654282 0.37373294 0.        ]
[0.         0.70993256 0.04313091 0.09915633 0.         0.04046191
 0.04482203 0.         0.        ]
[0.         0.         0.66147557 0.03807136 0.         0.18662946
 0.05132661 0.         0.        ]
[0.         0.         0.         0.16109358 0.         0.11076728
 0.66564138 0.         0.        ]
[0.         0.         0.         0.85428161 0.         0.08321989
 0.         0.         0.        ]
[0.         0.         0.         0.         0.         0.93750075
 0.         0.         0.        ]
