[0.         0.25635061 0.07491958 0.23687695 0.         0.13468279
 0.06664408 0.16803049 0.        ]
[0.         0.         0.06180835 0.04879532 0.         0.16599557
 0.06394828 0.59695623 0.        ]
[0.         0.         0.1641489  0.10298532 0.         0.12132233
 0.54904644 0.         0.        ]
[0.         0.         0.70094751 0.16055693 0.         0.07599781
 0.         0.         0.        ]
[0.         0.         0.         0.27815736 0.         0.65934414
 0.         0.         0.        ]
[0.         0.         0.         0.93750075 0.         0.
 0.         0.         0.        ]
