[0.         0.21104513 0.06672123 0.09137389 0.         0.15942901
 0.05337764 0.3555576  0.        ]
[0.         0.61020945 0.15209475 0.04339176 0.         0.08884323
 0.04296457 0.         0.        ]
[0.         0.         0.67952608 0.03893593 0.         0.1826087
 0.03643229 0.         0.        ]
[0.         0.         0.         0.15214967 0.         0.12387053
 0.66148205 0.         0.        ]
[0.         0.         0.         0.75550808 0.         0.18199342
 0.         0.         0.        ]
[0.         0.         0.         0.         0.         0.93750075
 0.         0.         0.        ]
