[0.         0.131741   0.06363683 0.09146915 0.         0.13977969
 0.03002146 0.48085637 0.        ]
[0.         0.62373369 0.11822506 0.04928354 0.         0.0863518
 0.05990966 0.         0.        ]
[0.         0.         0.67792242 0.03612764 0.         0.04513003
 0.1783229  0.         0.        ]
[0.         0.         0.         0.04639256 0.         0.05291087
 0.83819882 0.         0.        ]
[0.         0.         0.         0.82907151 0.         0.10842999
 0.         0.         0.        ]
[0.         0.         0.         0.         0.         0.93750075
 0.         0.         0.        ]
