[0.         0.10672063 0.06088076 0.15864192 0.         0.19720534
 0.03742115 0.37663469 0.        ]
[0.         0.04065922 0.07834628 0.6762621  0.         0.
 0.06005183 0.08218432 0.        ]
[0.         0.06901411 0.10162564 0.         0.         0.
 0.57526613 0.19159712 0.        ]
[0.         0.15245089 0.68679612 0.         0.         0.
 0.         0.09825525 0.        ]
[0.         0.70982825 0.         0.         0.         0.
 0.         0.22767325 0.        ]
[0.         0.         0.         0.         0.         0.
 0.         0.93750075 0.        ]
