[0.         0.24992558 0.04544757 0.09802198 0.         0.10235966
 0.07543    0.36631971 0.        ]
[0.         0.70704092 0.12766147 0.03631694 0.         0.0304797
 0.03600472 0.         0.        ]
[0.         0.         0.75199968 0.09021547 0.         0.04563982
 0.04964803 0.         0.        ]
[0.         0.         0.         0.09694084 0.         0.12672626
 0.71383515 0.         0.        ]
[0.         0.         0.         0.87288497 0.         0.06461653
 0.         0.         0.        ]
[0.         0.         0.         0.         0.         0.93750075
 0.         0.         0.        ]
