[0.         0.13138359 0.05551988 0.05940122 0.         0.1827262
 0.08227245 0.42620116 0.        ]
[0.         0.64632599 0.0552213  0.11805903 0.         0.05989791
 0.05799953 0.         0.        ]
[0.         0.         0.75247733 0.04432849 0.         0.0339216
 0.10677558 0.         0.        ]
[0.         0.         0.         0.16089874 0.         0.08144647
 0.69515704 0.         0.        ]
[0.         0.         0.         0.77065196 0.         0.16684954
 0.         0.         0.        ]
[0.         0.         0.         0.         0.         0.93750075
 0.         0.         0.        ]
