[0.         0.19641095 0.15327061 0.14845778 0.         0.13658887
 0.05225093 0.25052537 0.        ]
[0.         0.61212884 0.06498177 0.0619192  0.         0.11976708
 0.07870685 0.         0.        ]
[0.         0.         0.75444606 0.07537768 0.         0.06518916
 0.0424901  0.         0.        ]
[0.         0.         0.         0.12124783 0.         0.09896548
 0.71728894 0.         0.        ]
[0.        0.        0.        0.8589522 0.        0.0785493 0.
 0.        0.       ]
[0.         0.         0.         0.         0.         0.93750075
 0.         0.         0.        ]
