[0.         0.29899264 0.04601918 0.13300201 0.         0.21661745
 0.12439202 0.1184812  0.        ]
[0.         0.         0.05269329 0.07235263 0.         0.10095747
 0.06709748 0.64440288 0.        ]
[0.         0.         0.04728202 0.0835238  0.         0.10148651
 0.70521067 0.         0.        ]
[0.         0.         0.68956129 0.14597611 0.         0.10196485
 0.         0.         0.        ]
[0.         0.         0.         0.17838788 0.         0.75911362
 0.         0.         0.        ]
[0.         0.         0.         0.93750075 0.         0.
 0.         0.         0.        ]
