[0.         0.22483158 0.09999501 0.06796575 0.         0.28214231
 0.04293055 0.2196393  0.        ]
[0.         0.08745034 0.19448066 0.43161145 0.         0.
 0.14098262 0.08297867 0.        ]
[0.         0.2199008  0.088273   0.         0.         0.
 0.5505033  0.07882589 0.        ]
[0.         0.11380547 0.65788521 0.         0.         0.
 0.         0.16581157 0.        ]
[0.         0.75272564 0.         0.         0.         0.
 0.         0.18477586 0.        ]
[0.         0.         0.         0.         0.         0.
 0.         0.93750075 0.        ]
