[0.         0.17398861 0.04713075 0.0712909  0.         0.1602632
 0.03174198 0.45308907 0.        ]
[0.         0.60958262 0.06165152 0.04156556 0.         0.13867661
 0.08602744 0.         0.        ]
[0.         0.         0.66390137 0.03752492 0.         0.04662864
 0.18944807 0.         0.        ]
[0.         0.         0.         0.06647352 0.         0.18468371
 0.68634502 0.         0.        ]
[0.         0.         0.         0.70369087 0.         0.23381063
 0.         0.         0.        ]
[0.         0.         0.         0.         0.         0.93750075
 0.         0.         0.        ]
