[0.         0.10126987 0.02105292 0.05504032 0.         0.15521147
 0.03751061 0.5674193  0.        ]
[0.         0.63020078 0.09527065 0.08219667 0.         0.0523694
 0.07746626 0.         0.        ]
[0.         0.         0.68336637 0.05936905 0.         0.12672143
 0.06804615 0.         0.        ]
[0.         0.         0.         0.13066233 0.         0.19015124
 0.61668868 0.         0.        ]
[0.         0.         0.         0.69972765 0.         0.23777385
 0.         0.         0.        ]
[0.         0.         0.         0.         0.         0.93750075
 0.         0.         0.        ]
