[0.         0.30485624 0.05875303 0.07317746 0.         0.22916405
 0.10856619 0.16298753 0.        ]
[0.         0.06032419 0.14601479 0.5320933  0.         0.
 0.08150965 0.11756182 0.        ]
[0.         0.1150042  0.15275598 0.         0.         0.
 0.60438253 0.06536029 0.        ]
[0.         0.06456673 0.82431187 0.         0.         0.
 0.         0.04862365 0.        ]
[0.         0.78238471 0.         0.         0.         0.
 0.         0.15511679 0.        ]
[0.         0.         0.         0.         0.         0.
 0.         0.93750075 0.        ]
