[0.         0.14938478 0.0375321  0.10504995 0.         0.1572108
 0.06840365 0.41992322 0.        ]
[0.         0.70053409 0.07041624 0.05549916 0.         0.07962739
 0.03142687 0.         0.        ]
[0.         0.         0.65865036 0.09100118 0.         0.04022369
 0.14762777 0.         0.        ]
[0.         0.         0.         0.14246692 0.         0.12839853
 0.6666368  0.         0.        ]
[0.         0.         0.         0.71297369 0.         0.22452781
 0.         0.         0.        ]
[0.         0.         0.         0.         0.         0.93750075
 0.         0.         0.        ]
