[0.         0.18411054 0.101922   0.152672   0.         0.13002194
 0.05729413 0.31148389 0.        ]
[0.         0.         0.08946019 0.09144294 0.         0.06919258
 0.09976273 0.58764532 0.        ]
[0.         0.         0.13615665 0.1753219  0.         0.10782465
 0.5181998  0.         0.        ]
[0.         0.         0.68430663 0.09716036 0.         0.15603526
 0.         0.         0.        ]
[0.         0.         0.         0.24049098 0.         0.69701052
 0.         0.         0.        ]
[0.         0.         0.         0.93750075 0.         0.
 0.         0.         0.        ]
