[0.         0.16070564 0.03800238 0.07178332 0.         0.2226914
 0.06984193 0.37447983 0.        ]
[0.         0.619504   0.08296485 0.1157113  0.         0.06135107
 0.05797253 0.         0.        ]
[0.         0.         0.68890735 0.07628613 0.         0.10225044
 0.07005908 0.         0.        ]
[0.         0.         0.         0.16837109 0.         0.15835552
 0.61077565 0.         0.        ]
[0.         0.         0.         0.79384661 0.         0.14365489
 0.         0.         0.        ]
[0.         0.         0.         0.         0.         0.93750075
 0.         0.         0.        ]
