[0.         0.21271582 0.0980005  0.14386291 0.         0.13951773
 0.0514898  0.29191775 0.        ]
[0.         0.06122787 0.13262113 0.         0.         0.57952275
 0.09172582 0.07240618 0.        ]
[0.         0.12021878 0.58299713 0.         0.         0.
 0.10344532 0.13084177 0.        ]
[0.         0.2318225  0.         0.         0.         0.
 0.65417592 0.05150383 0.        ]
[0.         0.19597588 0.         0.         0.         0.
 0.         0.74152562 0.        ]
[0.         0.93750075 0.         0.         0.         0.
 0.         0.         0.        ]
