[0.         0.18070095 0.043878   0.08033818 0.         0.21842625
 0.06990454 0.34425658 0.        ]
[0.         0.65470318 0.12346328 0.07612342 0.         0.01997353
 0.06324034 0.         0.        ]
[0.         0.         0.74772869 0.0741656  0.         0.0801722
 0.03543651 0.         0.        ]
[0.         0.         0.         0.15360202 0.         0.13072601
 0.65317421 0.         0.        ]
[0.         0.         0.         0.83647809 0.         0.10102341
 0.         0.         0.        ]
[0.         0.         0.         0.         0.         0.93750075
 0.         0.         0.        ]
