[0.         0.35689236 0.0772939  0.10449716 0.         0.26267122
 0.02965666 0.10649321 0.        ]
[0.         0.1709369  0.20109722 0.46901986 0.         0.
 0.05748705 0.03896272 0.        ]
[0.         0.07118341 0.17613801 0.         0.         0.
 0.61900469 0.07117689 0.        ]
[0.         0.0671468  0.84395353 0.         0.         0.
 0.         0.02640191 0.        ]
[0.         0.79730441 0.         0.         0.         0.
 0.         0.14019709 0.        ]
[0.         0.         0.         0.         0.         0.
 0.         0.93750075 0.        ]
