[0.         0.16926887 0.03866753 0.13044776 0.         0.13804297
 0.07992293 0.38115444 0.        ]
[0.         0.08819519 0.11951194 0.         0.         0.4675909
 0.17406882 0.0881369  0.        ]
[0.         0.10395785 0.4293875  0.         0.         0.
 0.14577216 0.25838548 0.        ]
[0.         0.13908696 0.         0.         0.         0.
 0.61747851 0.18093677 0.        ]
[0.         0.16194669 0.         0.         0.         0.
 0.         0.77555481 0.        ]
[0.         0.93750075 0.         0.         0.         0.
 0.         0.         0.        ]
