[0.         0.18601835 0.06783158 0.0858534  0.         0.1172316
 0.0648448  0.41572477 0.        ]
[0.         0.61113732 0.04184234 0.11737756 0.         0.09695031
 0.07019623 0.         0.        ]
[0.         0.         0.6515436  0.09577182 0.         0.07012231
 0.12006527 0.         0.        ]
[0.         0.         0.         0.15883997 0.         0.08016986
 0.69849242 0.         0.        ]
[0.         0.         0.         0.84491391 0.         0.09258759
 0.         0.         0.        ]
[0.         0.         0.         0.         0.         0.93750075
 0.         0.         0.        ]
