[0.         0.15101137 0.0813476  0.07714662 0.         0.14814535
 0.07445665 0.40539691 0.        ]
[0.         0.66924841 0.10919178 0.05242049 0.         0.05821369
 0.04842938 0.         0.        ]
[0.         0.         0.66173435 0.04058554 0.         0.12805029
 0.10713282 0.         0.        ]
[0.         0.         0.         0.05271676 0.         0.09434491
 0.79044058 0.         0.        ]
[0.         0.         0.         0.76775554 0.         0.16974596
 0.         0.         0.        ]
[0.         0.         0.         0.         0.         0.93750075
 0.         0.         0.        ]
