[0.         0.12982265 0.09433321 0.07980219 0.         0.15410763
 0.02986601 0.44957282 0.        ]
[0.         0.68302284 0.04617818 0.09816338 0.         0.05843814
 0.0517012  0.         0.        ]
[0.         0.         0.68372984 0.07872037 0.         0.08807918
 0.08697361 0.         0.        ]
[0.         0.         0.         0.15903989 0.         0.0684487
 0.71001366 0.         0.        ]
[0.         0.         0.         0.80973951 0.         0.12776199
 0.         0.         0.        ]
[0.         0.         0.         0.         0.         0.93750075
 0.         0.         0.        ]
