[0.         0.11335384 0.13456804 0.10533991 0.         0.17384546
 0.04661267 0.36378458 0.        ]
[0.         0.63640471 0.07752074 0.06389515 0.         0.09252265
 0.06716049 0.         0.        ]
[0.         0.         0.66690784 0.02400067 0.         0.14994251
 0.09665197 0.         0.        ]
[0.         0.         0.         0.1731502  0.         0.1013326
 0.66301945 0.         0.        ]
[0.         0.         0.         0.72957593 0.         0.20792557
 0.         0.         0.        ]
[0.         0.         0.         0.         0.         0.93750075
 0.         0.         0.        ]
