[0.         0.22634347 0.06412485 0.14651218 0.         0.21079799
 0.10423306 0.18549295 0.        ]
[0.         0.61552034 0.08276397 0.03877466 0.         0.14064764
 0.05979713 0.         0.        ]
[0.         0.         0.6934646  0.02121253 0.         0.14200091
 0.08082496 0.         0.        ]
[0.         0.         0.         0.0844728  0.         0.17048902
 0.68254043 0.         0.        ]
[0.         0.         0.         0.71376157 0.         0.22373993
 0.         0.         0.        ]
[0.         0.         0.         0.         0.         0.93750075
 0.         0.         0.        ]
