[0.         0.14445081 0.05165648 0.07564957 0.         0.32840354
 0.08160802 0.25573608 0.        ]
[0.         0.08434431 0.26451677 0.47869501 0.         0.
 0.05839642 0.05155124 0.        ]
[0.         0.1218373  0.09084755 0.         0.         0.
 0.55264745 0.17217069 0.        ]
[0.         0.16195086 0.71801004 0.         0.         0.
 0.         0.05754135 0.        ]
[0.         0.72330836 0.         0.         0.         0.
 0.         0.21419314 0.        ]
[0.         0.         0.         0.         0.         0.
 0.         0.93750075 0.        ]
