[0.         0.18317663 0.10932219 0.08628874 0.         0.28631925
 0.05125075 0.22114694 0.        ]
[0.         0.         0.09172142 0.04678241 0.         0.05160736
 0.05450838 0.69288419 0.        ]
[0.         0.         0.09248823 0.1275344  0.         0.21064421
 0.50683615 0.         0.        ]
[0.         0.         0.72907356 0.10896108 0.         0.0994676
 0.         0.         0.        ]
[0.         0.         0.         0.08680942 0.         0.85069208
 0.         0.         0.        ]
[0.         0.         0.         0.93750075 0.         0.
 0.         0.         0.        ]
