[0.         0.11806784 0.0439392  0.09123508 0.         0.14926216
 0.0498947  0.48510553 0.        ]
[0.         0.57208841 0.13913465 0.07993035 0.         0.0800585
 0.06629185 0.         0.        ]
[0.         0.         0.70727648 0.04425854 0.         0.14341542
 0.04255256 0.         0.        ]
[0.         0.         0.         0.13581586 0.         0.09278692
 0.70889947 0.         0.        ]
[0.         0.         0.         0.86147232 0.         0.07602918
 0.         0.         0.        ]
[0.         0.         0.         0.         0.         0.93750075
 0.         0.         0.        ]
