[0.         0.20774022 0.03240975 0.06763585 0.         0.15621602
 0.02583807 0.4476646  0.        ]
[0.         0.         0.1244845  0.09235757 0.         0.07766634
 0.12695705 0.51603829 0.        ]
[0.         0.         0.08895234 0.10462646 0.         0.0944262
 0.649498   0.         0.        ]
[0.         0.         0.61359325 0.22772232 0.         0.09618668
 0.         0.         0.        ]
[0.         0.         0.         0.20784872 0.         0.72965278
 0.         0.         0.        ]
[0.         0.         0.         0.93750075 0.         0.
 0.         0.         0.        ]
