[0.         0.17222801 0.06730771 0.10154746 0.         0.19751815
 0.0271467  0.37175648 0.        ]
[0.         0.63939422 0.04134753 0.03564405 0.         0.1847632
 0.03635475 0.         0.        ]
[0.         0.         0.68186622 0.14227704 0.         0.06976779
 0.04359196 0.         0.        ]
[0.         0.         0.         0.18127441 0.         0.10428934
 0.65193851 0.         0.        ]
[0.         0.         0.         0.69848097 0.         0.23902053
 0.         0.         0.        ]
[0.         0.         0.         0.         0.         0.93750075
 0.         0.         0.        ]
