[0.         0.15709998 0.06537268 0.07733467 0.         0.1255703
 0.07686197 0.43526489 0.        ]
[0.         0.60836968 0.06802043 0.05234555 0.         0.07679774
 0.13197036 0.         0.        ]
[0.         0.         0.65228965 0.16904361 0.         0.06174918
 0.05442057 0.         0.        ]
[0.         0.         0.         0.06469189 0.         0.18450296
 0.6883074  0.         0.        ]
[0.         0.         0.         0.78054664 0.         0.15695486
 0.         0.         0.        ]
[0.         0.         0.         0.         0.         0.93750075
 0.         0.         0.        ]
