[0.         0.12717993 0.10038481 0.07243417 0.         0.12688602
 0.07825608 0.43236348 0.        ]
[0.         0.61743925 0.11335839 0.06022642 0.         0.03069117
 0.11578853 0.         0.        ]
[0.         0.         0.65626307 0.16118868 0.         0.05604046
 0.06401079 0.         0.        ]
[0.         0.         0.         0.09928126 0.         0.1287657
 0.7094553  0.         0.        ]
[0.         0.         0.         0.86914562 0.         0.06835588
 0.         0.         0.        ]
[0.         0.         0.         0.         0.         0.93750075
 0.         0.         0.        ]
