[0.         0.34830548 0.06993102 0.06420803 0.         0.14931811
 0.07224027 0.23350159 0.        ]
[0.         0.         0.06362429 0.15949676 0.         0.04853229
 0.08164372 0.5842067  0.        ]
[0.         0.         0.06992713 0.04963026 0.         0.11954403
 0.69840158 0.         0.        ]
[0.         0.         0.74895058 0.07120198 0.         0.1173497
 0.         0.         0.        ]
[0.         0.         0.         0.13413095 0.         0.80337055
 0.         0.         0.        ]
[0.         0.         0.         0.93750075 0.         0.
 0.         0.         0.        ]
