[0.         0.12704139 0.06054459 0.14249878 0.         0.1998789
 0.03511211 0.37242874 0.        ]
[0.         0.         0.08693852 0.10535777 0.         0.05732187
 0.08860572 0.59927986 0.        ]
[0.         0.         0.10493412 0.11834244 0.         0.08797928
 0.62624716 0.         0.        ]
[0.         0.         0.65322682 0.19877448 0.         0.08550095
 0.         0.         0.        ]
[0.         0.         0.         0.26128439 0.         0.67621711
 0.         0.         0.        ]
[0.         0.         0.         0.93750075 0.         0.
 0.         0.         0.        ]
