[0.         0.21254521 0.0483608  0.1431799  0.         0.08927506
 0.06131326 0.38283028 0.        ]
[0.         0.71250356 0.07183247 0.04774882 0.         0.03582072
 0.06959819 0.         0.        ]
[0.         0.         0.65827202 0.12807073 0.         0.04163802
 0.10952223 0.         0.        ]
[0.         0.         0.         0.19689575 0.         0.08143431
 0.6591722  0.         0.        ]
[0.         0.         0.         0.78303169 0.         0.15446981
 0.         0.         0.        ]
[0.         0.         0.         0.         0.         0.93750075
 0.         0.         0.        ]
