[0.         0.12161493 0.07605473 0.15189034 0.         0.25241239
 0.05742578 0.27810634 0.        ]
[0.         0.06543568 0.04836338 0.60769292 0.         0.
 0.11467608 0.10133568 0.        ]
[0.         0.15961913 0.09181555 0.         0.         0.
 0.54699227 0.13907605 0.        ]
[0.         0.11262887 0.66852799 0.         0.         0.
 0.         0.1563454  0.        ]
[0.         0.74080912 0.         0.         0.         0.
 0.         0.19669238 0.        ]
[0.         0.         0.         0.         0.         0.
 0.         0.93750075 0.        ]
