[0.         0.12603271 0.03860449 0.06769853 0.         0.2364685
 0.03418815 0.43451211 0.        ]
[0.         0.64159672 0.06406125 0.06153445 0.         0.13003041
 0.04028092 0.         0.        ]
[0.         0.         0.72892493 0.08222223 0.         0.06148082
 0.06487502 0.         0.        ]
[0.         0.         0.         0.07602475 0.         0.1460498
 0.71542771 0.         0.        ]
[0.         0.         0.         0.83424794 0.         0.10325356
 0.         0.         0.        ]
[0.         0.         0.         0.         0.         0.93750075
 0.         0.         0.        ]
