[0.         0.0865903  0.04870053 0.10248243 0.         0.232098
 0.06322679 0.40440646 0.        ]
[0.         0.54030586 0.10352333 0.15484417 0.         0.05829785
 0.08053253 0.         0.        ]
[0.         0.         0.62780419 0.06746894 0.         0.12151209
 0.12071778 0.         0.        ]
[0.         0.         0.         0.13870789 0.         0.11570556
 0.68308879 0.         0.        ]
[0.         0.         0.         0.68598976 0.         0.25151174
 0.         0.         0.        ]
[0.         0.         0.         0.93750075 0.         0.
 0.         0.         0.        ]
