[0.         0.23131546 0.10567197 0.12141249 0.         0.24326463
 0.1096886  0.12615136 0.        ]
[0.         0.12168388 0.08238486 0.62523623 0.         0.
 0.02885886 0.07933992 0.        ]
[0.         0.08031643 0.1027771  0.         0.         0.
 0.65574022 0.09866925 0.        ]
[0.         0.31780742 0.15948284 0.         0.         0.
 0.46021198 0.         0.        ]
[0.         0.         0.62783573 0.         0.         0.
 0.30966577 0.         0.        ]
[0.         0.         0.         0.         0.         0.
 0.93750075 0.         0.        ]
