[0.         0.15848222 0.02733924 0.09917157 0.         0.10352108
 0.05320123 0.49578916 0.        ]
[0.         0.11216994 0.15441282 0.50646019 0.         0.
 0.06054499 0.10391581 0.        ]
[0.         0.15789947 0.05620878 0.         0.         0.
 0.50050397 0.22289077 0.        ]
[0.         0.27208212 0.15595032 0.         0.         0.
 0.50946981 0.         0.        ]
[0.         0.         0.46578851 0.         0.         0.
 0.47171299 0.         0.        ]
[0.         0.         0.         0.         0.         0.
 0.93750075 0.         0.        ]
