[0.0987341  0.07722764 0.05531769 0.02560625 0.52703629 0.04790153
 0.03184222 0.05361019 0.02023084]
[0.05894638 0.08359078 0.18680294 0.08935514 0.         0.10037263
 0.16682646 0.13538855 0.11622313]
[0.12287502 0.09483701 0.1058927  0.04095215 0.         0.23779874
 0.17292864 0.16222099 0.        ]
[0.15030617 0.07411177 0.12825681 0.33366815 0.         0.
 0.09301872 0.15814288 0.        ]
[0.27165122 0.08291492 0.14697168 0.         0.         0.
 0.26229077 0.17367516 0.        ]
[0.16638104 0.17495757 0.         0.         0.         0.
 0.29660377 0.29956062 0.        ]
[0.28943707 0.11886732 0.         0.         0.         0.
 0.         0.52919787 0.        ]
[0.24744877 0.69005273 0.         0.         0.         0.
 0.         0.         0.        ]
