[0.01425369 0.00914732 0.0564592  0.04360843 0.69128514 0.02493827
 0.03818867 0.05029528 0.00933076]
[0.12709879 0.05619922 0.14066313 0.11672295 0.         0.06642551
 0.15445728 0.17043692 0.10550219]
[0.0639679  0.057061   0.19321596 0.09204365 0.         0.19272212
 0.         0.21481957 0.12367504]
[0.18860628 0.16870805 0.12977283 0.16684416 0.         0.1844209
 0.         0.         0.09915228]
[0.20703697 0.         0.24554776 0.1673883  0.         0.21554109
 0.         0.         0.10198963]
[0.21853778 0.         0.24604538 0.22962561 0.         0.24329423
 0.         0.         0.        ]
[0.         0.         0.39258721 0.33720338 0.         0.20771165
 0.         0.         0.        ]
[0.         0.         0.         0.30848112 0.         0.62902038
 0.         0.         0.        ]
