[0.083767   0.15207163 0.09303567 0.04970939 0.22114156 0.13998279
 0.07924156 0.06187776 0.05667938]
[0.09946542 0.07623723 0.0778963  0.06764467 0.28088304 0.
 0.08402116 0.11577512 0.13558305]
[0.08948138 0.16654296 0.24342438 0.11744447 0.         0.
 0.09993024 0.13370874 0.08697307]
[0.12142571 0.10361201 0.         0.14067685 0.         0.
 0.0872482  0.10862551 0.37591622]
[0.51307894 0.13662476 0.         0.14077109 0.         0.
 0.07683223 0.07019673 0.        ]
[0.15016526 0.41435029 0.         0.14925515 0.         0.
 0.22373229 0.         0.        ]
