[0.00915346 0.0305511  0.08668495 0.01778468 0.65146197 0.01261928
 0.02520928 0.0508023  0.05323974]
[0.08848653 0.18339119 0.2087867  0.11921148 0.         0.06838479
 0.07045622 0.11655372 0.08223537]
[0.10006251 0.20431986 0.         0.12694539 0.         0.13068454
 0.08972168 0.18554165 0.1002296 ]
[0.09388573 0.23184122 0.         0.14022382 0.         0.21833695
 0.16437836 0.         0.08883841]
[0.21579808 0.         0.         0.28839742 0.         0.16937834
 0.14597657 0.         0.11795335]
[0.2952983  0.         0.         0.22779052 0.         0.22969586
 0.18471833 0.         0.        ]
