[0.03095619 0.01609554 0.03703944 0.0069229  0.70961378 0.01995095
 0.04924189 0.02033936 0.04734669]
[0.06056209 0.05453588 0.09245654 0.14815375 0.         0.08621513
 0.21648077 0.15518351 0.12391833]
[0.11175938 0.09049429 0.17657955 0.10198338 0.         0.11478854
 0.12890382 0.         0.21299629]
[0.10692511 0.06622113 0.         0.12031868 0.         0.07917873
 0.29602707 0.         0.26883378]
[0.09689586 0.08202981 0.         0.15423905 0.         0.21496842
 0.38937061 0.         0.        ]
[0.         0.16172846 0.         0.23680083 0.         0.13461548
 0.40435824 0.         0.        ]
