[0.01551    0.02642775 0.07750571 0.02205846 0.67179714 0.033335
 0.03155076 0.0351999  0.02412204]
[0.11079708 0.0763303  0.15961154 0.09952584 0.         0.09078898
 0.13798288 0.17806058 0.08440879]
[0.15125641 0.08326295 0.24056358 0.         0.         0.09150571
 0.13109872 0.09871599 0.14110189]
[0.13264586 0.07376873 0.21735575 0.         0.         0.14299829
 0.         0.22248895 0.14824692]
[0.12916381 0.11738981 0.22350993 0.         0.         0.20163711
 0.         0.26580308 0.        ]
[0.19155419 0.30981636 0.162863   0.         0.         0.27326945
 0.         0.         0.        ]
[0.37267665 0.25329516 0.31153045 0.         0.         0.
 0.         0.         0.        ]
[0.        0.4965522 0.4409493 0.        0.        0.        0.
 0.        0.       ]
