[0.08558565 0.06500041 0.10380356 0.14208044 0.14693247 0.08512086
 0.14238047 0.08995688 0.07664599]
[0.06779328 0.03845874 0.15537065 0.18559283 0.11695301 0.
 0.09731832 0.11839334 0.15762582]
[0.16996358 0.07977163 0.18705092 0.2097523  0.0637686  0.
 0.13753439 0.08966383 0.        ]
[0.09279224 0.03058519 0.18565081 0.16931831 0.26672819 0.
 0.         0.19242976 0.        ]
[0.         0.07746588 0.29264085 0.27141471 0.19260746 0.
 0.         0.10337485 0.        ]
[0.         0.11110525 0.         0.12914806 0.42474669 0.
 0.         0.272503   0.        ]
