[0.03009629 0.03543334 0.05590814 0.0714342  0.61695208 0.03813854
 0.02308733 0.01914542 0.04731141]
[0.0583265  0.06581549 0.20016323 0.07342901 0.         0.0966766
 0.18190881 0.13804629 0.12314006]
[0.10694365 0.13643814 0.         0.03805542 0.         0.31929349
 0.09977191 0.07744157 0.15956107]
[0.3215527  0.05598253 0.         0.12577697 0.         0.20334055
 0.06296937 0.16788238 0.        ]
[0.         0.27152545 0.         0.20200736 0.         0.15697509
 0.17656872 0.13042714 0.        ]
[0.         0.05735371 0.         0.71093511 0.         0.
 0.11005707 0.0591571  0.        ]
[0.         0.31984346 0.         0.         0.         0.
 0.28496207 0.33269672 0.        ]
[0.        0.6404154 0.        0.        0.        0.        0.2970861
 0.        0.       ]
