[0.0115774  0.04789997 0.02791045 0.05528116 0.70980824 0.02622691
 0.02098656 0.02101517 0.01680089]
[0.06395196 0.08509838 0.12246657 0.0810389  0.         0.13075499
 0.15805248 0.17634491 0.11979781]
[0.09542679 0.08941766 0.13579364 0.04690143 0.         0.17730934
 0.         0.25217504 0.14048134]
[0.12640128 0.25398803 0.10494149 0.15376743 0.         0.21106937
 0.         0.         0.08733689]
[0.19212805 0.         0.22910937 0.17063517 0.         0.23548047
 0.         0.         0.1101507 ]
[0.30885198 0.         0.15684196 0.25628495 0.         0.
 0.         0.         0.2155241 ]
[0.29917653 0.         0.24295395 0.         0.         0.
 0.         0.         0.39537177]
[0.56317773 0.         0.37432377 0.         0.         0.
 0.         0.         0.        ]
