[0.00947308 0.01314015 0.04167987 0.00892727 0.64252659 0.01452659
 0.11752083 0.06257272 0.02713964]
[0.04894656 0.06458132 0.25003997 0.06498272 0.         0.11617153
 0.11280392 0.17082096 0.10915901]
[0.07358626 0.08614687 0.21078468 0.10178435 0.         0.15159102
 0.         0.11716207 0.19645001]
[0.06538513 0.11706709 0.         0.10386806 0.         0.17513309
 0.         0.20868332 0.26736781]
[0.16776504 0.19825807 0.         0.18232454 0.         0.16465232
 0.         0.22450379 0.        ]
[0.0895879  0.09964099 0.         0.32732616 0.         0.
 0.         0.42094795 0.        ]
