[0.03830685 0.0175215  0.05680874 0.09837261 0.66325915 0.0089051
 0.01749271 0.0185518  0.01828829]
[0.08422192 0.05489934 0.10135886 0.0721282  0.         0.08466743
 0.22545491 0.12699304 0.1877823 ]
[0.17951747 0.09671528 0.07605099 0.09672693 0.         0.21978193
 0.13603302 0.13267963 0.        ]
[0.         0.07990759 0.18108087 0.13267477 0.         0.12006798
 0.23506626 0.18870703 0.        ]
[0.         0.12097231 0.11781788 0.13922298 0.         0.20498351
 0.35450707 0.         0.        ]
[0.         0.23394947 0.2733519  0.         0.         0.1872332
 0.24296844 0.         0.        ]
