[0.04100989 0.05477366 0.13154443 0.08313757 0.27654667 0.06427562
 0.07280136 0.1536111  0.05980646]
[0.10136661 0.12353674 0.09233305 0.07706941 0.         0.18795995
 0.1428288  0.13066675 0.08174469]
[0.07660439 0.13442725 0.14944159 0.06975934 0.         0.32458669
 0.         0.10931903 0.07336697]
[0.10873378 0.16014031 0.17239356 0.14058181 0.         0.
 0.         0.1721963  0.18345874]
[0.15313361 0.2113596  0.17661526 0.19482026 0.         0.
 0.         0.20157502 0.        ]
[0.         0.08264484 0.35796319 0.26061023 0.         0.
 0.         0.23628474 0.        ]
