[0.05962391 0.1406662  0.14124104 0.10260439 0.11226071 0.09260739
 0.10989172 0.08971236 0.08889904]
[0.12509448 0.07382408 0.         0.14990565 0.19582962 0.11096309
 0.09345683 0.08890769 0.09952454]
[0.09238266 0.15268607 0.         0.         0.11192603 0.19442752
 0.14437113 0.11935585 0.12235599]
[0.09819483 0.20157164 0.         0.         0.11385231 0.
 0.17237219 0.13004059 0.22147293]
[0.13216086 0.09286246 0.         0.         0.27792983 0.
 0.2671468  0.16740379 0.        ]
[0.31265981 0.18826528 0.         0.         0.18327809 0.
 0.         0.25329982 0.        ]
[0.16309897 0.1166059  0.         0.         0.         0.
 0.         0.65779738 0.        ]
[0.77589868 0.16160282 0.         0.         0.         0.
 0.         0.         0.        ]
