[0.05486351 0.01716404 0.04339962 0.06629801 0.63973313 0.01502978
 0.02337116 0.03511604 0.04253145]
[0.08989594 0.09138471 0.3038367  0.08290341 0.         0.0884089
 0.07892981 0.11250315 0.08964338]
[0.12010729 0.28351032 0.         0.07691585 0.         0.18074272
 0.10452984 0.08906027 0.08263896]
[0.13658741 0.23922181 0.         0.1817795  0.         0.1171604
 0.17465536 0.08810002 0.        ]
[0.         0.29698439 0.         0.1330903  0.         0.29690876
 0.11080081 0.09971949 0.        ]
[0.         0.16668448 0.         0.41701971 0.         0.
 0.16715183 0.18664698 0.        ]
