[0.03321579 0.04407742 0.136863   0.06943591 0.32014511 0.06150879
 0.11560722 0.10929184 0.04736167]
[0.07914271 0.1298274  0.10807703 0.0675362  0.         0.15967647
 0.22108001 0.10007928 0.0720869 ]
[0.08723164 0.17787952 0.13661868 0.         0.         0.19235603
 0.17521099 0.0947621  0.07344629]
[0.09892159 0.11906132 0.14192852 0.         0.         0.
 0.22864253 0.17144321 0.17750731]
[0.22141561 0.20916309 0.18899223 0.         0.         0.
 0.         0.15128515 0.16664767]
[0.         0.08572709 0.24769773 0.         0.         0.
 0.         0.25006593 0.35401225]
[0.         0.38592555 0.34307543 0.         0.         0.
 0.         0.20850127 0.        ]
[0.         0.         0.48470939 0.         0.         0.
 0.         0.45279211 0.        ]
