[0.11508878 0.06912908 0.09820247 0.11133238 0.16033633 0.0857223
 0.09979701 0.11125996 0.08663844]
[0.09970338 0.06227028 0.11564207 0.14216512 0.12544453 0.
 0.16552075 0.10558279 0.12117707]
[0.11672252 0.09455895 0.22870733 0.12134265 0.15640542 0.
 0.         0.0872349  0.13253349]
[0.16352868 0.07584334 0.         0.28260653 0.18938152 0.
 0.         0.11276692 0.11337751]
[0.14577817 0.10655112 0.         0.33217721 0.24696763 0.
 0.         0.10602961 0.        ]
[0.         0.09040249 0.         0.57856129 0.08536784 0.
 0.         0.18317138 0.        ]
