[0.01651252 0.0585827  0.03541788 0.00792967 0.6628811  0.05553361
 0.06445965 0.02376717 0.01242246]
[0.07062761 0.07025956 0.18808036 0.06189224 0.         0.11107119
 0.18162568 0.14690134 0.10704803]
[0.079366   0.11572221 0.18780126 0.06368786 0.         0.22309689
 0.         0.16733842 0.10049263]
[0.25454879 0.08789721 0.11338024 0.16583827 0.         0.19812544
 0.         0.11771456 0.        ]
[0.         0.10526836 0.29894791 0.14867806 0.         0.26249673
 0.         0.12211269 0.        ]
[0.         0.17847265 0.30005523 0.2350406  0.         0.
 0.         0.22393452 0.        ]
