[0.04948148 0.02228739 0.0456764  0.00706037 0.65448239 0.04303402
 0.03856695 0.04398509 0.03293266]
[0.07338244 0.05634193 0.14236052 0.1405838  0.         0.07443827
 0.1569507  0.21340307 0.08004526]
[0.         0.13088463 0.1446291  0.13704868 0.         0.08042035
 0.12337338 0.17613659 0.1450125 ]
[0.         0.136153   0.14373425 0.15536484 0.         0.18311068
 0.15981637 0.         0.15932536]
[0.         0.         0.21334737 0.21178314 0.         0.22613901
 0.18710971 0.         0.09912453]
[0.         0.         0.         0.22022539 0.         0.29941259
 0.21704381 0.         0.20082121]
[0.         0.         0.         0.31555862 0.         0.42529386
 0.         0.         0.19664977]
[0.         0.         0.         0.26219341 0.         0.
 0.         0.         0.67530809]
