[0.02780034 0.05768983 0.06484272 0.01349677 0.59891922 0.02566434
 0.05286219 0.06817016 0.02806118]
[0.06930362 0.061898   0.1276987  0.12070106 0.         0.0831024
 0.20220171 0.13100633 0.14159419]
[0.         0.12055227 0.11550683 0.21502525 0.         0.07894864
 0.14707868 0.13553788 0.1248557 ]
[0.         0.13056197 0.16222657 0.         0.         0.20907468
 0.21263938 0.11054903 0.11245287]
[0.         0.1528211  0.14205373 0.         0.         0.
 0.20091099 0.36557808 0.07613984]
[0.         0.38067776 0.21483189 0.         0.         0.
 0.22010293 0.         0.12189042]
[0.         0.         0.29801201 0.         0.         0.
 0.4075542  0.         0.23193605]
[0.         0.         0.38488283 0.         0.         0.
 0.55261867 0.         0.        ]
