[0.01999894 0.01569211 0.0526947  0.02389515 0.6447874  0.07901192
 0.03330991 0.03149143 0.03662519]
[0.06644705 0.10451282 0.28317398 0.12285493 0.         0.10646683
 0.06772765 0.0917988  0.09452393]
[0.15801378 0.20827486 0.         0.10482325 0.         0.10874604
 0.07376192 0.19349625 0.09038915]
[0.21023037 0.18857377 0.         0.22331384 0.         0.11923399
 0.09231501 0.10383752 0.        ]
[0.         0.23593435 0.         0.23670945 0.         0.16028698
 0.12404263 0.18053035 0.        ]
[0.         0.22633629 0.         0.19380534 0.         0.24032773
 0.27703363 0.         0.        ]
