[0.11416155 0.11554957 0.09683126 0.13055118 0.09180003 0.08388868
 0.12517459 0.09885252 0.08069738]
[0.         0.06572127 0.15166038 0.10995218 0.12474347 0.16883085
 0.1427852  0.10488907 0.06892358]
[0.         0.07435842 0.17766417 0.19541461 0.         0.1026682
 0.11994925 0.12067511 0.1467755 ]
[0.         0.1233547  0.1771869  0.1774764  0.         0.14004329
 0.         0.12666902 0.19277419]
[0.         0.06481378 0.32736975 0.         0.         0.14792763
 0.         0.11514925 0.28224334]
[0.         0.07338904 0.3626164  0.         0.         0.
 0.         0.22874643 0.27275113]
[0.         0.12089002 0.54478079 0.         0.         0.
 0.         0.         0.27183144]
[0.         0.21640868 0.         0.         0.         0.
 0.         0.         0.72109282]
