[0.03768112 0.01048259 0.13287645 0.02013904 0.66903987 0.0109542
 0.0118949  0.03355391 0.01088466]
[0.07065437 0.11095368 0.26415734 0.11061397 0.         0.06864245
 0.10505786 0.12022934 0.08719698]
[0.0785937  0.30504811 0.14597362 0.08811576 0.         0.2136522
 0.05505293 0.         0.05106894]
[0.15066464 0.09221875 0.31555221 0.20901291 0.         0.
 0.05697086 0.         0.11308514]
[0.18109681 0.17778724 0.27003339 0.         0.         0.
 0.20399164 0.         0.10459466]
[0.1420864  0.         0.38857289 0.         0.         0.
 0.16457006 0.         0.24227365]
[0.         0.         0.61282662 0.         0.         0.
 0.17992272 0.         0.1447529 ]
[0.         0.         0.         0.         0.         0.
 0.24663034 0.         0.69087116]
