[0.04981672 0.03080599 0.07472556 0.06871784 0.50188143 0.02910585
 0.04761808 0.08696963 0.04786565]
[0.12387558 0.10723128 0.33063373 0.07014653 0.         0.02564375
 0.10101977 0.09768518 0.08127019]
[0.14624878 0.12181735 0.         0.04845555 0.         0.29443924
 0.09099712 0.11531539 0.12023182]
[0.13349004 0.5269773  0.         0.05742137 0.         0.09870945
 0.08170772 0.         0.03919861]
[0.5149961  0.         0.         0.13735523 0.         0.1215931
 0.1176279  0.         0.04593142]
[0.2493314  0.         0.         0.46595784 0.         0.
 0.14961175 0.         0.07260201]
