[0.01875719 0.03197885 0.04015902 0.05889053 0.67593618 0.04804789
 0.0277369  0.0282908  0.0077094 ]
[0.06173438 0.16203607 0.20670312 0.10905306 0.         0.09297053
 0.06135393 0.11331488 0.13034003]
[0.14740669 0.3777255  0.         0.06560965 0.         0.17788735
 0.07193798 0.06809146 0.02884663]
[0.10713875 0.         0.         0.17504591 0.         0.14343134
 0.07400096 0.3092447  0.12864284]
[0.20159448 0.         0.         0.11770593 0.         0.35017808
 0.1564595  0.         0.11156575]
[0.31084912 0.         0.         0.38259044 0.         0.
 0.09401073 0.         0.15005271]
[0.46232123 0.         0.         0.         0.         0.
 0.27463831 0.         0.20054271]
[0.         0.         0.         0.         0.         0.
 0.24155069 0.         0.69595081]
[0.         0.         0.         0.         0.         0.
 0.93750075 0.         0.        ]
