[0.03691674 0.02288348 0.06231156 0.04247167 0.61089747 0.04662962
 0.05155107 0.04325337 0.02059176]
[0.05023134 0.07362559 0.19609311 0.07799259 0.         0.05960618
 0.20034051 0.11305624 0.16656045]
[0.10342517 0.14830607 0.         0.06123781 0.         0.21023646
 0.18561107 0.14603728 0.0826514 ]
[0.12631793 0.11599638 0.         0.18038211 0.         0.17382255
 0.         0.15588498 0.18510055]
[0.         0.15986582 0.         0.15282406 0.         0.14775309
 0.         0.17749002 0.29957076]
[0.         0.         0.         0.16043721 0.         0.14137873
 0.         0.42266673 0.21302034]
[0.         0.         0.         0.21875329 0.         0.37375991
 0.         0.         0.34498905]
[0.         0.         0.         0.         0.         0.40176172
 0.         0.         0.53573978]
[0.         0.         0.         0.         0.         0.
 0.         0.         0.93750075]
