[0.07544747 0.01446422 0.04803387 0.01344461 0.62523139 0.04025552
 0.06479235 0.02208735 0.03374997]
[0.07927029 0.0633662  0.19759454 0.08264422 0.         0.05457529
 0.14462464 0.21233286 0.10309796]
[0.09682081 0.09467618 0.22035651 0.11234725 0.         0.14502345
 0.08431283 0.         0.18396823]
[0.27883371 0.13323935 0.18270655 0.15656569 0.         0.08263623
 0.10352297 0.         0.        ]
[0.25869069 0.24258434 0.         0.19952187 0.         0.12053523
 0.11617163 0.         0.        ]
[0.37309095 0.         0.         0.32150264 0.         0.15152972
 0.09137969 0.         0.        ]
[0.         0.         0.         0.45906699 0.         0.19740108
 0.28103418 0.         0.        ]
[0.         0.         0.         0.         0.         0.67011867
 0.26738283 0.         0.        ]
[0.         0.         0.         0.         0.         0.
 0.93750075 0.         0.        ]
