[0.02002206 0.04577265 0.07152693 0.03224745 0.64773443 0.0260667
 0.03066608 0.04143296 0.0220375 ]
[0.08762752 0.08159236 0.16758024 0.08883011 0.         0.07203224
 0.19760652 0.15141607 0.09082094]
[0.16039252 0.07480634 0.12647194 0.09788518 0.         0.13021209
 0.         0.2623441  0.08539307]
[0.13705231 0.15366466 0.10318787 0.         0.         0.26719896
 0.         0.1826477  0.093753  ]
[0.23926522 0.14186042 0.10400548 0.         0.         0.
 0.         0.39166964 0.06070298]
[0.3210713  0.27563787 0.15085734 0.         0.         0.
 0.         0.         0.18993649]
[0.51613379 0.         0.29095501 0.         0.         0.
 0.         0.         0.13041345]
[0.         0.         0.50842604 0.         0.         0.
 0.         0.         0.42907546]
[0.         0.         0.93750075 0.         0.         0.
 0.         0.         0.        ]
