[0.0825392  0.03537956 0.06211187 0.03324199 0.52328078 0.04189484
 0.04964376 0.0693343  0.04008045]
[0.05150151 0.11856989 0.18446865 0.08018854 0.         0.07130347
 0.15551302 0.11440689 0.16155402]
[0.10665144 0.12031161 0.0887944  0.02758323 0.         0.39135322
 0.08772058 0.11509078 0.        ]
[0.0417016  0.07266012 0.15010686 0.5120083  0.         0.
 0.08078031 0.08024731 0.        ]
[0.18156847 0.13677891 0.19797488 0.         0.         0.
 0.20850337 0.21267812 0.        ]
[0.16604727 0.16499414 0.37439833 0.         0.         0.
 0.         0.23206326 0.        ]
[0.31746679 0.18937109 0.         0.         0.         0.
 0.         0.43066437 0.        ]
[0.        0.3439152 0.        0.        0.        0.        0.
 0.5935863 0.       ]
[0.         0.         0.         0.         0.         0.
 0.         0.93750075 0.        ]
