[0.05396379 0.09236537 0.09734097 0.03339233 0.37101972 0.06244344
 0.11052697 0.05620879 0.06024538]
[0.08006328 0.14633999 0.31837245 0.05630495 0.         0.04557812
 0.10299634 0.09665077 0.09120009]
[0.13584532 0.10286904 0.         0.04702118 0.         0.36812459
 0.07430437 0.07068982 0.13865092]
[0.04605363 0.12092843 0.         0.55727387 0.         0.
 0.10798251 0.03492173 0.07034434]
[0.18991102 0.19604178 0.         0.         0.         0.
 0.19963242 0.20154582 0.15037271]
[0.18450645 0.30265516 0.         0.         0.         0.
 0.         0.34071058 0.10963081]
[0.41586558 0.28614414 0.         0.         0.         0.
 0.         0.         0.23549253]
[0.         0.43253096 0.         0.         0.         0.
 0.         0.         0.50497054]
[0.         0.93750075 0.         0.         0.         0.
 0.         0.         0.        ]
