[0.1181151  0.15262809 0.10268767 0.05075267 0.17684594 0.10344441
 0.10338344 0.05962849 0.07002095]
[0.11312321 0.11553814 0.26270955 0.04308398 0.         0.12610184
 0.08003003 0.06187467 0.13504458]
[0.1625646  0.07913714 0.         0.05259807 0.         0.33539665
 0.06432227 0.1258929  0.11759362]
[0.07314992 0.09364664 0.         0.43471958 0.         0.
 0.11001677 0.09669025 0.12928134]
[0.19012742 0.19380349 0.         0.         0.         0.
 0.21767544 0.19558797 0.14030943]
[0.46427243 0.25463977 0.         0.         0.         0.
 0.1252214  0.09336939 0.        ]
[0.         0.60283196 0.         0.         0.         0.
 0.21957242 0.11509787 0.        ]
[0.         0.         0.         0.         0.         0.
 0.24176186 0.69573964 0.        ]
[0.         0.         0.         0.         0.         0.
 0.93750075 0.         0.        ]
