[0.01508561 0.03751453 0.09175749 0.07020112 0.63647204 0.02710726
 0.01832339 0.02099    0.02005531]
[0.08714759 0.06265463 0.21485692 0.10881032 0.         0.06714314
 0.16292246 0.12260558 0.11136536]
[0.1105878  0.12531586 0.         0.06080044 0.         0.28299804
 0.09753022 0.06944354 0.19082935]
[0.08034592 0.05283203 0.         0.58984348 0.         0.
 0.069205   0.07737649 0.06790157]
[0.22074811 0.17289485 0.         0.         0.         0.
 0.23156778 0.21783155 0.09446146]
[0.1523542  0.56187872 0.         0.         0.         0.
 0.17075745 0.         0.05251263]
[0.56200783 0.         0.         0.         0.         0.
 0.21065263 0.         0.16484179]
[0.        0.        0.        0.        0.        0.        0.2764341
 0.        0.6610674]
[0.         0.         0.         0.         0.         0.
 0.93750075 0.         0.        ]
