[0.12647553 0.11243237 0.12148188 0.11006895 0.15428074 0.07672655
 0.08397396 0.0516214  0.10044537]
[0.         0.11021377 0.11374121 0.09957404 0.2494428  0.0673127
 0.08220866 0.1045616  0.11045122]
[0.         0.10726697 0.28635141 0.100106   0.         0.06048721
 0.16106442 0.11305568 0.10917355]
[0.         0.12394545 0.22142605 0.23470315 0.         0.12846033
 0.         0.15058934 0.07838017]
[0.         0.11263943 0.18694465 0.         0.         0.44664271
 0.         0.11081021 0.08046674]
[0.         0.23894707 0.37760775 0.         0.         0.
 0.         0.15719837 0.16374981]
[0.         0.7441775  0.14937296 0.         0.         0.
 0.         0.         0.04395179]
[0.         0.         0.84078274 0.         0.         0.
 0.         0.         0.09671876]
[0.         0.         0.         0.         0.         0.
 0.         0.         0.93750075]
