[0.0888425  0.12514189 0.09136705 0.06049466 0.18275702 0.1294066
 0.10762742 0.07040001 0.0814696 ]
[0.07956778 0.15697557 0.09645626 0.04428902 0.23891325 0.14281153
 0.10619899 0.0722936  0.        ]
[0.04849711 0.11207723 0.         0.07283382 0.38358638 0.14205293
 0.10954904 0.06890874 0.        ]
[0.47340449 0.07667555 0.         0.11091469 0.         0.17343237
 0.05354818 0.04952923 0.        ]
[0.         0.43161099 0.         0.11322767 0.         0.14740736
 0.10135527 0.14390246 0.        ]
[0.         0.         0.         0.07527709 0.         0.19220603
 0.10127918 0.5687407  0.        ]
[0.         0.         0.         0.33852489 0.         0.32989884
 0.26907852 0.         0.        ]
[0.        0.        0.        0.6998037 0.        0.        0.2376978
 0.        0.       ]
[0.         0.         0.         0.         0.         0.
 0.93750075 0.         0.        ]
