[0.05209042 0.09446421 0.0725858  0.0824182  0.37714833 0.08845967
 0.06879361 0.05772547 0.04382103]
[0.08152818 0.09290077 0.30913669 0.05409482 0.         0.09790643
 0.12055576 0.1151061  0.06627723]
[0.124078   0.17812524 0.         0.02870824 0.         0.32237017
 0.08255586 0.05747852 0.14418923]
[0.1229703  0.56679734 0.         0.03776301 0.         0.06835385
 0.06046085 0.         0.08115914]
[0.49640138 0.         0.         0.12937171 0.         0.21395173
 0.03491166 0.         0.06286727]
[0.         0.         0.         0.11808128 0.         0.06489872
 0.13940825 0.         0.61511475]
[0.         0.         0.         0.10751741 0.         0.65613264
 0.1738522  0.         0.        ]
[0.         0.         0.         0.76439974 0.         0.
 0.17310176 0.         0.        ]
[0.         0.         0.         0.         0.         0.
 0.93750075 0.         0.        ]
