[0.10580892 0.12622821 0.10794809 0.06164727 0.14685577 0.09574211
 0.14916805 0.07823954 0.06586879]
[0.0879205  0.1231396  0.         0.09021497 0.22004726 0.16616377
 0.09531019 0.06458418 0.09012552]
[0.17290717 0.11128963 0.         0.09469951 0.         0.19861735
 0.09928449 0.16098296 0.09972414]
[0.04231713 0.05384117 0.         0.07883421 0.         0.
 0.13853835 0.10756743 0.51640622]
[0.50108922 0.12368214 0.         0.1062835  0.         0.
 0.09577169 0.1106772  0.        ]
[0.         0.28762792 0.         0.45636719 0.         0.
 0.095061   0.09844689 0.        ]
[0.         0.         0.         0.28954696 0.         0.
 0.2419683  0.405987   0.        ]
[0.         0.         0.         0.64860924 0.         0.
 0.28889226 0.         0.        ]
[0.         0.         0.         0.         0.         0.
 0.93750075 0.         0.        ]
