[0.03017957 0.02586632 0.04912782 0.01618876 0.57491284 0.03224661
 0.12547401 0.04534059 0.03817023]
[0.07855421 0.0959061  0.23677699 0.13504617 0.         0.05281993
 0.12668101 0.14022255 0.07149904]
[0.12567106 0.17447726 0.         0.04846911 0.         0.25664285
 0.11968967 0.12963581 0.08291949]
[0.07708586 0.10450903 0.         0.56206039 0.         0.
 0.04471113 0.0924214  0.0567167 ]
[0.16929502 0.24716258 0.         0.         0.         0.
 0.16981462 0.24351441 0.10771713]
[0.06153607 0.         0.         0.         0.         0.
 0.0626554  0.71125363 0.10205791]
[0.37216211 0.         0.         0.         0.         0.
 0.35560268 0.         0.20973746]
[0.3093536 0.        0.        0.        0.        0.        0.
 0.        0.6281479]
[0.93750075 0.         0.         0.         0.         0.
 0.         0.         0.        ]
