[0.04146714 0.02334316 0.06927414 0.01581604 0.60520474 0.02062407
 0.02027419 0.1019095  0.03959378]
[0.08017853 0.07578407 0.11119106 0.11831408 0.         0.12973355
 0.13571612 0.15567722 0.13091138]
[0.09818908 0.20945175 0.06796323 0.04326826 0.         0.2947818
 0.         0.18287329 0.04097783]
[0.27885543 0.04279463 0.13874949 0.24413737 0.         0.
 0.         0.11286299 0.1201046 ]
[0.29500271 0.16292194 0.1122741  0.         0.         0.
 0.         0.25231998 0.11498502]
[0.         0.09175257 0.10233907 0.         0.         0.
 0.         0.20180561 0.54160575]
[0.         0.12550585 0.1735037  0.         0.         0.
 0.         0.6384927  0.        ]
[0.         0.70812707 0.22937443 0.         0.         0.
 0.         0.         0.        ]
[0.         0.         0.93750075 0.         0.         0.
 0.         0.         0.        ]
