[0.12767302 0.08771672 0.09252134 0.10782932 0.1283333  0.0992019
 0.10660542 0.07604336 0.11158238]
[0.         0.12136511 0.17037926 0.10833579 0.17619978 0.0563975
 0.1038664  0.07871252 0.12224964]
[0.         0.03954419 0.11424243 0.06727443 0.5065033  0.06992443
 0.         0.08852721 0.05148927]
[0.         0.03493362 0.15452725 0.09765019 0.         0.02956658
 0.         0.1215383  0.49928857]
[0.         0.09068621 0.14881499 0.10124214 0.         0.14235271
 0.         0.4544077  0.        ]
[0.         0.33130494 0.26722542 0.13858135 0.         0.20039128
 0.         0.         0.        ]
[0.         0.         0.22951065 0.29280812 0.         0.41518348
 0.         0.         0.        ]
[0.         0.         0.55971107 0.         0.         0.37779043
 0.         0.         0.        ]
[0.         0.         0.93750075 0.         0.         0.
 0.         0.         0.        ]
