[0.10138404 0.10301716 0.14242564 0.09433468 0.15298843 0.09468419
 0.08949495 0.04899032 0.11018734]
[0.07497647 0.17509448 0.33432348 0.05742514 0.         0.0473574
 0.09280723 0.09119442 0.06432736]
[0.19982435 0.13196653 0.         0.08306503 0.         0.2380024
 0.09732848 0.07091113 0.11640733]
[0.45612035 0.0579786  0.         0.12169748 0.         0.16124643
 0.04381644 0.0966452  0.        ]
[0.         0.47643563 0.         0.17654916 0.         0.07181736
 0.13729447 0.07540714 0.        ]
[0.         0.         0.         0.10472641 0.         0.19840532
 0.1140518  0.52031948 0.        ]
[0.         0.         0.         0.6630293  0.         0.1185682
 0.15590476 0.         0.        ]
[0.         0.         0.         0.         0.         0.73685617
 0.20064533 0.         0.        ]
[0.         0.         0.         0.         0.         0.
 0.93750075 0.         0.        ]
