[0.11263706 0.12050316 0.09664184 0.0700903  0.17263971 0.13497834
 0.10219804 0.0583842  0.0694341 ]
[0.03262508 0.07495575 0.11447645 0.0319375  0.41787386 0.08240259
 0.         0.08474977 0.098485  ]
[0.17665613 0.1820619  0.08286141 0.08513972 0.11682603 0.13491294
 0.         0.15904711 0.        ]
[0.06397604 0.13119578 0.         0.06842408 0.38995432 0.17605113
 0.         0.10790316 0.        ]
[0.50656806 0.08941617 0.         0.17167262 0.         0.13772501
 0.         0.03212189 0.        ]
[0.         0.40539763 0.         0.36174107 0.         0.11920197
 0.         0.05116234 0.        ]
[0.         0.16857795 0.         0.         0.         0.63298382
 0.         0.13594049 0.        ]
[0.         0.60862249 0.         0.         0.         0.
 0.         0.32887901 0.        ]
[0.         0.         0.         0.         0.         0.
 0.         0.93750075 0.        ]
