[0.01528403 0.04698619 0.05855246 0.05722233 0.646862   0.00735321
 0.05625891 0.03755085 0.01143677]
[0.10377534 0.11267505 0.26326383 0.08706792 0.         0.0765391
 0.08380057 0.11932321 0.09106097]
[0.10322751 0.34680705 0.         0.05420499 0.         0.22032402
 0.08882284 0.08426169 0.03985715]
[0.20968244 0.1054784  0.         0.22505883 0.         0.
 0.06965953 0.21640724 0.11121806]
[0.26618306 0.16137983 0.         0.         0.         0.
 0.18976987 0.21112308 0.1090479 ]
[0.         0.14929439 0.         0.         0.         0.
 0.08737136 0.28192982 0.41890743]
[0.         0.2457915  0.         0.         0.         0.
 0.23386668 0.45784407 0.        ]
[0.        0.7103478 0.        0.        0.        0.        0.2271537
 0.        0.       ]
[0.         0.         0.         0.         0.         0.
 0.93750075 0.         0.        ]
