[0.0416833  0.03089182 0.04643034 0.04414516 0.62759209 0.02419288
 0.04397529 0.04771904 0.03087683]
[0.05991641 0.10862005 0.25731261 0.132627   0.         0.10135065
 0.06655013 0.12018516 0.09094399]
[0.1810961  0.32214093 0.         0.08281583 0.         0.14381005
 0.07114532 0.07014249 0.06635451]
[0.12095805 0.         0.         0.18885503 0.         0.083049
 0.08573447 0.27972981 0.17917814]
[0.20164742 0.         0.         0.15520073 0.         0.29076893
 0.16310966 0.         0.126777  ]
[0.30419954 0.         0.         0.40183436 0.         0.
 0.06067579 0.         0.17079331]
[0.32771988 0.         0.         0.         0.         0.
 0.36128117 0.         0.2485012 ]
[0.         0.         0.         0.         0.         0.
 0.24629551 0.         0.69120599]
[0.         0.         0.         0.         0.         0.
 0.93750075 0.         0.        ]
