[0.02181294 0.03750356 0.06934491 0.01848733 0.65554693 0.0088693
 0.07288637 0.03321516 0.01984024]
[0.10155787 0.06923561 0.08085549 0.10272613 0.         0.11170002
 0.17117176 0.15901319 0.14124593]
[0.10600219 0.14214117 0.08098511 0.0651869  0.         0.22659254
 0.         0.23109781 0.08549953]
[0.23397079 0.05124009 0.16369947 0.34696542 0.         0.
 0.         0.06229252 0.07933621]
[0.41882563 0.11018991 0.13309869 0.         0.         0.
 0.         0.21140575 0.06398376]
[0.         0.12378898 0.21977814 0.         0.         0.
 0.         0.18110529 0.41283059]
[0.         0.05457936 0.27269319 0.         0.         0.
 0.         0.61022971 0.        ]
[0.        0.4740622 0.4634393 0.        0.        0.        0.
 0.        0.       ]
[0.         0.         0.93750075 0.         0.         0.
 0.         0.         0.        ]
