[0.03724069 0.03887476 0.05371014 0.06781096 0.52805837 0.02202268
 0.0707359  0.0729825  0.04607075]
[0.0898783  0.12492991 0.30363666 0.06983526 0.         0.02945464
 0.09397718 0.15774764 0.06804641]
[0.         0.08865485 0.22183198 0.17752106 0.         0.06142298
 0.15344027 0.13849887 0.09613523]
[0.         0.08021437 0.08600849 0.         0.         0.38218107
 0.1640528  0.17135015 0.05369763]
[0.         0.1282835  0.26309842 0.         0.         0.
 0.14266508 0.31476812 0.08868864]
[0.         0.13675476 0.         0.         0.         0.
 0.33469051 0.22114206 0.24491566]
[0.         0.21488771 0.         0.         0.         0.
 0.         0.49424486 0.22836968]
[0.         0.64326773 0.         0.         0.         0.
 0.         0.         0.29423377]
[0.         0.         0.         0.         0.         0.
 0.         0.         0.93750075]
