[0.09079399 0.17089839 0.10804932 0.0742479  0.23988882 0.08081852
 0.06616504 0.04676408 0.05988069]
[0.13789159 0.12262924 0.26581306 0.09836991 0.         0.08452084
 0.068838   0.07196765 0.08747571]
[0.16348339 0.11224223 0.         0.0406165  0.         0.32233621
 0.05960478 0.05580325 0.1834189 ]
[0.12712086 0.13466896 0.         0.46432436 0.         0.
 0.0596995  0.08656535 0.06512547]
[0.26621296 0.30895594 0.         0.         0.         0.
 0.14037872 0.14251525 0.07944088]
[0.06100823 0.         0.         0.         0.         0.
 0.14948115 0.59118493 0.13582869]
[0.41050608 0.         0.         0.         0.         0.
 0.30295717 0.         0.224039  ]
[0.345342  0.        0.        0.        0.        0.        0.
 0.        0.5921595]
[0.93750075 0.         0.         0.         0.         0.
 0.         0.         0.        ]
