[0.05204598 0.05545335 0.05940691 0.0370541  0.4747527  0.04558739
 0.05983178 0.11445911 0.03891543]
[0.13085969 0.11763122 0.23647979 0.06972913 0.         0.06500571
 0.13333784 0.10983029 0.07463232]
[0.13311848 0.10946845 0.         0.0703056  0.         0.26435715
 0.10242557 0.14528807 0.11254193]
[0.18217088 0.07789369 0.         0.52945367 0.         0.
 0.04258123 0.04377625 0.06162878]
[0.24103196 0.18375242 0.         0.         0.         0.
 0.23298224 0.201751   0.07798613]
[0.22618276 0.36825941 0.         0.         0.         0.
 0.         0.19250036 0.15056048]
[0.48598495 0.         0.         0.         0.         0.
 0.         0.22148505 0.23003225]
[0.         0.         0.         0.         0.         0.
 0.         0.15077957 0.78672193]
[0.         0.         0.         0.         0.         0.
 0.         0.93750075 0.        ]
