[0.09167514 0.03598676 0.07063969 0.03054863 0.51432215 0.02071701
 0.07539424 0.04109239 0.05713074]
[0.08559606 0.07116099 0.30334192 0.105083   0.         0.06792318
 0.08491089 0.13151088 0.08797908]
[0.15129617 0.1246488  0.         0.07467964 0.         0.21176705
 0.08790762 0.09102922 0.19617674]
[0.48801817 0.07889722 0.         0.15432759 0.         0.12787899
 0.02989989 0.05848264 0.        ]
[0.         0.42861758 0.         0.18432817 0.         0.07757376
 0.09330431 0.15367993 0.        ]
[0.         0.         0.         0.13191638 0.         0.18364878
 0.14806908 0.47386876 0.        ]
[0.         0.         0.         0.45635483 0.         0.15855292
 0.3225945  0.         0.        ]
[0.         0.         0.         0.45201077 0.         0.48549073
 0.         0.         0.        ]
[0.         0.         0.         0.93750075 0.         0.
 0.         0.         0.        ]
