[0.11648902 0.13740318 0.09442605 0.05066756 0.22738847 0.10281428
 0.07084948 0.05182928 0.08563943]
[0.09034291 0.         0.0973232  0.08850617 0.33046585 0.03836508
 0.0531556  0.1019506  0.13739658]
[0.08859982 0.         0.18106678 0.08219342 0.         0.14386565
 0.19062681 0.14461414 0.10653862]
[0.48247261 0.         0.         0.15016078 0.         0.09769035
 0.09354041 0.04919097 0.06444938]
[0.         0.         0.         0.08468097 0.         0.04337571
 0.08049447 0.08360056 0.64535204]
[0.         0.         0.         0.2201819  0.         0.45944784
 0.17139343 0.08647983 0.        ]
[0.         0.         0.         0.61690042 0.         0.
 0.15980123 0.1608006  0.        ]
[0.         0.         0.         0.         0.         0.
 0.48705453 0.45044697 0.        ]
[0.         0.         0.         0.         0.         0.
 0.         0.93750075 0.        ]
