[0.05226742 0.01734345 0.07656159 0.02492559 0.54617032 0.02637977
 0.02044027 0.07040282 0.10301553]
[0.08273602 0.17291256 0.08544666 0.0954     0.         0.10565512
 0.1184215  0.10199674 0.17493741]
[0.08017166 0.13145147 0.15622109 0.11016399 0.         0.16001182
 0.         0.21300116 0.08648404]
[0.13195604 0.1674164  0.12164923 0.11506686 0.         0.19492643
 0.         0.         0.20648954]
[0.13075904 0.         0.22391161 0.16997913 0.         0.16619758
 0.         0.         0.24665639]
[0.         0.         0.25668109 0.25574835 0.         0.13873123
 0.         0.         0.28634233]
[0.         0.         0.53602622 0.         0.         0.15013753
 0.         0.         0.2513385 ]
[0.        0.        0.        0.        0.        0.5110939 0.
 0.        0.4264076]
[0.         0.         0.         0.         0.         0.93750075
 0.         0.         0.        ]
