[0.05606389 0.05747156 0.06610388 0.06906254 0.4068186  0.06280395
 0.09909308 0.06353771 0.05655155]
[0.0711753  0.08654431 0.33592443 0.06638842 0.         0.05223417
 0.09213251 0.14470398 0.08840289]
[0.23559967 0.09449926 0.         0.03536602 0.         0.29478789
 0.11651779 0.07606102 0.08467359]
[0.09167599 0.08205526 0.         0.47384903 0.         0.
 0.11457767 0.06776551 0.10758103]
[0.20791267 0.14151956 0.         0.         0.         0.
 0.26244446 0.1989983  0.12662875]
[0.16864    0.29650043 0.         0.         0.         0.
 0.         0.25259964 0.21976293]
[0.37344833 0.09641666 0.         0.         0.         0.
 0.         0.46763726 0.        ]
[0.         0.42682651 0.         0.         0.         0.
 0.         0.51067499 0.        ]
[0.         0.93750075 0.         0.         0.         0.
 0.         0.         0.        ]
