[0.21004558 0.11726496 0.08718731 0.04708034 0.19701484 0.09312557
 0.09011771 0.04034949 0.05532095]
[0.         0.13371454 0.09713487 0.05290471 0.26362823 0.15831842
 0.06956732 0.09104259 0.07119533]
[0.         0.10845531 0.27288447 0.1207993  0.         0.05898493
 0.11206097 0.14699387 0.11732639]
[0.         0.08573412 0.26584121 0.09126999 0.         0.20717518
 0.14751627 0.13996772 0.        ]
[0.         0.10421395 0.         0.05578789 0.         0.2495534
 0.37515965 0.15278886 0.        ]
[0.         0.1601606  0.         0.26323732 0.         0.2320722
 0.         0.28203288 0.        ]
[0.         0.58300594 0.         0.1334671  0.         0.2210292
 0.         0.         0.        ]
[0.         0.         0.         0.50959166 0.         0.42790984
 0.         0.         0.        ]
[0.         0.         0.         0.         0.         0.93750075
 0.         0.         0.        ]
