[0.0198301  0.03574144 0.06067134 0.02936612 0.65503252 0.05386648
 0.02603465 0.03299859 0.02396551]
[0.07878677 0.08652216 0.08748283 0.19138337 0.         0.10247233
 0.13026363 0.14690867 0.11368624]
[0.08790786 0.15335197 0.08291124 0.10138387 0.         0.31999473
 0.         0.14794674 0.04400884]
[0.20102997 0.04449113 0.11614949 0.33590986 0.         0.
 0.         0.09756596 0.1423581 ]
[0.27631577 0.1443852  0.12440159 0.         0.         0.
 0.         0.20991531 0.18248588]
[0.         0.13021565 0.09593481 0.         0.         0.
 0.         0.24430283 0.4670497 ]
[0.         0.15694444 0.23829616 0.         0.         0.
 0.         0.54226166 0.        ]
[0.         0.68465187 0.25284963 0.         0.         0.
 0.         0.         0.        ]
[0.         0.         0.93750075 0.         0.         0.
 0.         0.         0.        ]
