[0.04224963 0.04133958 0.0807619  0.0552853  0.52227788 0.0569092
 0.02652153 0.04490929 0.06725245]
[0.07348254 0.06804625 0.1621036  0.07090225 0.         0.10563299
 0.17536052 0.13856605 0.14341179]
[0.14491411 0.15822682 0.         0.03464402 0.         0.31377492
 0.12493769 0.07234834 0.08865935]
[0.10163822 0.05744088 0.         0.3869412  0.         0.
 0.16267669 0.12515401 0.1036535 ]
[0.2623078  0.22384909 0.         0.         0.         0.
 0.21102926 0.15024608 0.09007152]
[0.22798408 0.45241072 0.         0.         0.         0.
 0.17296318 0.         0.08414502]
[0.6681116  0.         0.         0.         0.         0.
 0.19303222 0.         0.07635842]
[0.         0.         0.         0.         0.         0.
 0.31154767 0.         0.62595383]
[0.         0.         0.         0.         0.         0.
 0.93750075 0.         0.        ]
