[0.0954188  0.10745936 0.10565462 0.12544703 0.20997329 0.09985794
 0.07086203 0.0689549  0.05387877]
[0.07312696 0.20753811 0.09439702 0.06310247 0.24646419 0.12456285
 0.05245306 0.07586135 0.        ]
[0.07750432 0.13692437 0.25510073 0.09226639 0.         0.15025561
 0.1136342  0.11181963 0.        ]
[0.05894007 0.09080586 0.19463287 0.07494354 0.         0.30275953
 0.21542262 0.         0.        ]
[0.09300666 0.19525692 0.36767207 0.1224376  0.         0.15913049
 0.         0.         0.        ]
[0.1220384  0.19857702 0.         0.10618592 0.         0.51070166
 0.         0.         0.        ]
[0.212628   0.22201701 0.         0.50285725 0.         0.
 0.         0.         0.        ]
[0.5247567 0.4127448 0.        0.        0.        0.        0.
 0.        0.       ]
[0.         0.93750075 0.         0.         0.         0.
 0.         0.         0.        ]
