[0.03610597 0.05722647 0.0896179  0.03022036 0.503948   0.03553662
 0.10169828 0.04821734 0.03493581]
[0.1107435  0.09417977 0.24517131 0.06244194 0.         0.10434669
 0.15663797 0.10179897 0.06218584]
[0.17028236 0.16866176 0.         0.05797855 0.         0.1868909
 0.12857569 0.1258912  0.09922478]
[0.1047281  0.05277288 0.         0.         0.         0.52046016
 0.04657144 0.1511605  0.06181142]
[0.12364216 0.12636849 0.         0.         0.         0.
 0.19131852 0.19897252 0.29720206]
[0.62662541 0.05976574 0.         0.         0.         0.
 0.09544979 0.15566206 0.        ]
[0.         0.42189999 0.         0.         0.         0.
 0.18339453 0.33220773 0.        ]
[0.         0.         0.         0.         0.         0.
 0.29788272 0.63961878 0.        ]
[0.         0.         0.         0.         0.         0.
 0.93750075 0.         0.        ]
