[0.01904146 0.08730828 0.0576751  0.04948129 0.61714401 0.01541237
 0.02393076 0.02922801 0.03828546]
[0.09598352 0.06899679 0.12443928 0.08592119 0.         0.10844362
 0.19321368 0.11766438 0.14284354]
[0.15516283 0.09289975 0.11523453 0.10481625 0.         0.07588808
 0.         0.30636691 0.08713689]
[0.07073587 0.17281507 0.         0.12313389 0.         0.06048236
 0.         0.20396881 0.3063685 ]
[0.2716236  0.06461069 0.         0.10738746 0.         0.12459892
 0.         0.36928308 0.        ]
[0.15248173 0.40203988 0.         0.12130462 0.         0.26167677
 0.         0.         0.        ]
[0.32201561 0.         0.         0.2645763  0.         0.35091034
 0.         0.         0.        ]
[0.         0.         0.         0.64268204 0.         0.29481946
 0.         0.         0.        ]
[0.         0.         0.         0.         0.         0.93750075
 0.         0.         0.        ]
