[0.01218352 0.03151925 0.0666945  0.03600374 0.67745763 0.05583179
 0.02156994 0.02008761 0.01615878]
[0.13765711 0.16844114 0.20394424 0.09346354 0.         0.06244504
 0.07211428 0.11258854 0.0868521 ]
[0.13529827 0.32309262 0.         0.05701644 0.         0.16177862
 0.09039275 0.08079507 0.08913147]
[0.25171526 0.17921167 0.         0.17183844 0.         0.08717108
 0.13308446 0.11448359 0.        ]
[0.         0.3651594  0.         0.14202137 0.         0.22892665
 0.10939672 0.09199961 0.        ]
[0.         0.         0.         0.36035866 0.         0.16085188
 0.107457   0.30883546 0.        ]
[0.         0.         0.         0.19829259 0.         0.55720396
 0.18200569 0.         0.        ]
[0.         0.         0.         0.         0.         0.60786684
 0.32963466 0.         0.        ]
[0.         0.         0.         0.         0.         0.
 0.93750075 0.         0.        ]
