[0.04116456 0.05263573 0.05804365 0.01626104 0.54207155 0.02800807
 0.04240428 0.06853767 0.0883802 ]
[0.08164566 0.09891049 0.28845326 0.06733082 0.         0.07464779
 0.10301959 0.14108059 0.0824178 ]
[0.12857441 0.14734871 0.         0.07167605 0.         0.23958247
 0.12474421 0.11667518 0.1089042 ]
[0.1069413  0.13741796 0.         0.5488528  0.         0.
 0.04114076 0.02878763 0.07436404]
[0.22074751 0.25673318 0.         0.         0.         0.
 0.13833226 0.20454292 0.11714789]
[0.         0.133035   0.         0.         0.         0.
 0.07867104 0.03878368 0.68701329]
[0.         0.29506281 0.         0.         0.         0.
 0.39034606 0.25209338 0.        ]
[0.         0.73631393 0.         0.         0.         0.
 0.20118757 0.         0.        ]
[0.         0.         0.         0.         0.         0.
 0.93750075 0.         0.        ]
