[0.10268721 0.1044754  0.0881614  0.10337739 0.19160914 0.08141114
 0.10127623 0.0581211  0.10638775]
[0.07903518 0.08568515 0.40112347 0.06266629 0.         0.05280242
 0.07664378 0.07041756 0.10913216]
[0.16865475 0.17058913 0.         0.0531281  0.         0.23539082
 0.11571636 0.09657011 0.09745597]
[0.         0.01768659 0.         0.08392456 0.         0.03657063
 0.04461319 0.04131541 0.71339413]
[0.         0.15447671 0.         0.07508054 0.         0.55788794
 0.06549849 0.08456007 0.        ]
[0.         0.09647478 0.         0.67217868 0.         0.
 0.09883723 0.07001231 0.        ]
[0.         0.24687475 0.         0.         0.         0.
 0.39904944 0.29157807 0.        ]
[0.         0.37684783 0.         0.         0.         0.
 0.         0.56065367 0.        ]
[0.         0.93750075 0.         0.         0.         0.
 0.         0.         0.        ]
