[0.03674296 0.04042569 0.03271077 0.05019741 0.64145059 0.04583658
 0.02508187 0.01821796 0.04684293]
[0.06995411 0.08161041 0.22980273 0.07948976 0.         0.04965324
 0.17317648 0.14177786 0.11204142]
[0.16309835 0.0834493  0.         0.09051966 0.         0.17413866
 0.16588108 0.08678213 0.17363606]
[0.43120272 0.05380337 0.         0.23133806 0.         0.08866253
 0.0794637  0.05303412 0.        ]
[0.         0.21670461 0.         0.19433784 0.         0.12312492
 0.22474281 0.17859356 0.        ]
[0.         0.         0.         0.18356651 0.         0.21868623
 0.15060356 0.3846467  0.        ]
[0.         0.         0.         0.60997023 0.         0.10908947
 0.21844255 0.         0.        ]
[0.         0.         0.         0.         0.         0.59131985
 0.34618165 0.         0.        ]
[0.         0.         0.         0.         0.         0.
 0.93750075 0.         0.        ]
