[0.02783366 0.06841629 0.06688037 0.0195265  0.60549927 0.02257215
 0.02464044 0.03602735 0.06611073]
[0.06543295 0.04295158 0.18301694 0.09415015 0.         0.04613286
 0.17269801 0.2174058  0.11571772]
[0.10072487 0.07446522 0.06464524 0.02412226 0.         0.3752143
 0.11347798 0.18485538 0.        ]
[0.14423207 0.03939203 0.13191249 0.47245501 0.         0.
 0.02938627 0.12012664 0.        ]
[0.11886028 0.07534837 0.14616711 0.         0.         0.
 0.36561596 0.23151204 0.        ]
[0.1351328  0.10843501 0.4138133  0.         0.         0.
 0.         0.2801219  0.        ]
[0.34452181 0.13963965 0.         0.         0.         0.
 0.         0.45334079 0.        ]
[0.17159317 0.76590833 0.         0.         0.         0.
 0.         0.         0.        ]
[0.93750075 0.         0.         0.         0.         0.
 0.         0.         0.        ]
