[0.03430725 0.04747321 0.08847182 0.05327591 0.53159151 0.03947444
 0.02549606 0.08763927 0.02977727]
[0.08906808 0.05522173 0.1774437  0.07980565 0.         0.09205532
 0.17678359 0.12399593 0.143132  ]
[0.10970596 0.0825927  0.08446733 0.0672736  0.         0.2456669
 0.13283199 0.21496676 0.        ]
[0.09681649 0.05793915 0.1967921  0.34748085 0.         0.
 0.06191955 0.17655637 0.        ]
[0.18286476 0.11143976 0.15863858 0.         0.         0.
 0.29305302 0.19150763 0.        ]
[0.23188941 0.2341187  0.2931064  0.         0.         0.
 0.         0.1783885  0.        ]
[0.43544661 0.18365945 0.         0.         0.         0.
 0.         0.31839619 0.        ]
[0.24558008 0.69192142 0.         0.         0.         0.
 0.         0.         0.        ]
[0.93750075 0.         0.         0.         0.         0.
 0.         0.         0.        ]
