[0.02627937 0.04138532 0.06952909 0.01843871 0.63923812 0.03470452
 0.03159042 0.02993851 0.04640269]
[0.05649231 0.06020869 0.20672851 0.07947346 0.         0.06448325
 0.2327551  0.13531379 0.1020509 ]
[0.14252365 0.05745138 0.17573028 0.08916122 0.         0.10836495
 0.         0.2751499  0.08912387]
[0.10351872 0.44731018 0.11885149 0.05424146 0.         0.14906735
 0.         0.         0.06451531]
[0.23477983 0.         0.15342866 0.12931573 0.         0.29544278
 0.         0.         0.12453676]
[0.         0.         0.17219775 0.17193274 0.         0.10351154
 0.         0.         0.48986096]
[0.         0.         0.31965505 0.17139241 0.         0.44645479
 0.         0.         0.        ]
[0.         0.         0.         0.57792194 0.         0.35957956
 0.         0.         0.        ]
[0.         0.         0.         0.         0.         0.93750075
 0.         0.         0.        ]
