[0.11646229 0.11032046 0.09447273 0.06369583 0.14768682 0.10584148
 0.08270134 0.11405614 0.10226968]
[0.         0.14560034 0.11013824 0.07066845 0.23079735 0.09873856
 0.1124718  0.06902777 0.10006349]
[0.         0.10145062 0.28215187 0.07736531 0.         0.07621742
 0.11101722 0.17577214 0.11353067]
[0.         0.40025238 0.         0.12726006 0.         0.12254324
 0.11730412 0.06013148 0.11001321]
[0.         0.         0.         0.08705302 0.         0.12861979
 0.12709025 0.51463512 0.08010557]
[0.         0.         0.         0.41606803 0.         0.15738575
 0.11509452 0.         0.2489547 ]
[0.         0.         0.         0.         0.         0.64632555
 0.17807524 0.         0.11310147]
[0.         0.         0.         0.         0.         0.
 0.23966053 0.         0.69784097]
[0.         0.         0.         0.         0.         0.
 0.93750075 0.         0.        ]
