[0.14078848 0.07213521 0.09106662 0.1359718  0.17690621 0.04424114
 0.08827326 0.04989153 0.13823248]
[0.09995469 0.07821367 0.28333235 0.07106899 0.         0.0303736
 0.09099974 0.14194146 0.1416215 ]
[0.25717946 0.09381797 0.         0.06189143 0.         0.21971759
 0.14706716 0.07124764 0.086584  ]
[0.32491304 0.09289988 0.         0.12464064 0.         0.1648151
 0.         0.09962393 0.13061191]
[0.         0.47909665 0.         0.14829275 0.         0.14145847
 0.         0.09416755 0.07448832]
[0.         0.         0.         0.19066647 0.         0.07933972
 0.         0.58255059 0.08494622]
[0.         0.         0.         0.42320375 0.         0.28783228
 0.         0.         0.22646622]
[0.         0.         0.         0.         0.         0.64638498
 0.         0.         0.29111652]
[0.         0.         0.         0.         0.         0.
 0.         0.         0.93750075]
