[0.05846939 0.04833845 0.05789364 0.06737428 0.50159452 0.03900746
 0.07560703 0.0391042  0.05011777]
[0.11646356 0.13412192 0.29610129 0.09593541 0.         0.0266327
 0.11025949 0.0850369  0.07295475]
[0.27919171 0.11011256 0.         0.05584475 0.         0.20369147
 0.08794182 0.09696635 0.1037566 ]
[0.         0.04102832 0.         0.1045316  0.         0.09944928
 0.05415643 0.07873549 0.55960338]
[0.         0.08333868 0.         0.05364607 0.         0.64863446
 0.0338863  0.11799824 0.        ]
[0.         0.05287345 0.         0.67075502 0.         0.
 0.10328538 0.11058915 0.        ]
[0.         0.21395364 0.         0.         0.         0.
 0.32597732 0.39757129 0.        ]
[0.         0.68347502 0.         0.         0.         0.
 0.25402648 0.         0.        ]
[0.         0.         0.         0.         0.         0.
 0.93750075 0.         0.        ]
