[0.0804826  0.03828571 0.06992614 0.03203056 0.52465772 0.0176084
 0.09874461 0.0453112  0.03045981]
[0.07115248 0.10975542 0.33175376 0.06845453 0.         0.05158831
 0.13747297 0.10530987 0.06201867]
[0.07145377 0.         0.25387168 0.15178642 0.         0.13551412
 0.08550651 0.04421136 0.1951614 ]
[0.06698949 0.         0.         0.08490749 0.         0.11548126
 0.35049348 0.17229233 0.14734046]
[0.14515432 0.         0.         0.30834841 0.         0.13492987
 0.         0.17677397 0.17229717]
[0.11879741 0.         0.         0.         0.         0.47600364
 0.         0.15812037 0.18458158]
[0.42924069 0.         0.         0.         0.         0.
 0.         0.27588926 0.2323723 ]
[0.         0.         0.         0.         0.         0.
 0.         0.33023638 0.60726512]
[0.         0.         0.         0.         0.         0.
 0.         0.93750075 0.        ]
