[0.04313498 0.04456791 0.07193037 0.03435355 0.41048104 0.17031939
 0.04252369 0.04907201 0.07112381]
[0.12956729 0.09482138 0.34760198 0.07584332 0.         0.05814176
 0.06227544 0.0903723  0.07888253]
[0.15421431 0.13354918 0.         0.14243806 0.         0.25819389
 0.08450775 0.07476952 0.08983254]
[0.16794048 0.55340583 0.         0.03515566 0.         0.09516119
 0.06822788 0.         0.01761347]
[0.46314741 0.         0.         0.09191311 0.         0.2917449
 0.04670445 0.         0.04399388]
[0.         0.         0.         0.07307561 0.         0.08820714
 0.12991943 0.         0.64630081]
[0.         0.         0.         0.14258645 0.         0.66885547
 0.12606033 0.         0.        ]
[0.         0.         0.         0.80676879 0.         0.
 0.13073271 0.         0.        ]
[0.         0.         0.         0.         0.         0.
 0.93750075 0.         0.        ]
