[0.03561548 0.01475185 0.07805156 0.01673425 0.65229671 0.02030981
 0.02388053 0.04279177 0.05307478]
[0.06123938 0.05096616 0.12102448 0.1130615  0.         0.04820136
 0.18282714 0.20577159 0.15441439]
[0.17641152 0.12180698 0.16646921 0.05878632 0.         0.18066696
 0.10448121 0.12888306 0.        ]
[0.09983336 0.10945133 0.         0.11976753 0.         0.11025474
 0.37608256 0.12211498 0.        ]
[0.26834783 0.07478949 0.         0.15504364 0.         0.12832522
 0.         0.31099758 0.        ]
[0.13156688 0.43009494 0.         0.15275906 0.         0.22308212
 0.         0.         0.        ]
[0.33402096 0.         0.         0.22906984 0.         0.37441145
 0.         0.         0.        ]
[0.5358434 0.        0.        0.        0.        0.4016581 0.
 0.        0.       ]
[0.93750075 0.         0.         0.         0.         0.
 0.         0.         0.        ]
