[0.1707009  0.10922195 0.11155995 0.07141147 0.19061138 0.08561411
 0.07365113 0.05672226 0.06801358]
[0.09766967 0.1076968  0.28085185 0.04447537 0.         0.07227282
 0.10853434 0.09918409 0.12682105]
[0.14712525 0.11830579 0.         0.04859593 0.         0.32523142
 0.1205843  0.05992189 0.11774067]
[0.07498658 0.08823047 0.         0.39962833 0.         0.
 0.12676145 0.10970485 0.13819282]
[0.18568588 0.16941692 0.         0.         0.         0.
 0.20279047 0.26625726 0.1133532 ]
[0.1699093  0.58865178 0.         0.         0.         0.
 0.09759217 0.         0.08134976]
[0.63612806 0.         0.         0.         0.         0.
 0.23871349 0.         0.0626607 ]
[0.         0.         0.         0.         0.         0.
 0.13244947 0.         0.80505203]
[0.         0.         0.         0.         0.         0.
 0.93750075 0.         0.        ]
