[0.07773654 0.03951942 0.05958102 0.02544154 0.53094276 0.04853292
 0.03865258 0.07781033 0.03928964]
[0.12839041 0.10313864 0.25760488 0.06131851 0.         0.05524159
 0.11446833 0.11976679 0.09757684]
[0.18559461 0.17606506 0.         0.03846904 0.         0.25663034
 0.08710178 0.09657543 0.09706899]
[0.06486202 0.07503374 0.         0.52831108 0.         0.
 0.11601859 0.09422498 0.05905409]
[0.17457007 0.22438907 0.         0.         0.         0.
 0.1716305  0.18275719 0.18415692]
[0.15363511 0.36861998 0.         0.         0.         0.
 0.         0.17703907 0.23820884]
[0.55417925 0.         0.         0.         0.         0.
 0.         0.2327768  0.1505462 ]
[0.         0.         0.         0.         0.         0.
 0.         0.26714434 0.67035716]
[0.         0.         0.         0.         0.         0.
 0.         0.93750075 0.        ]
