[0.02845867 0.014766   0.04823809 0.00859432 0.67693058 0.08420244
 0.02174013 0.04354357 0.01103294]
[0.07618273 0.13949458 0.23141903 0.13090837 0.         0.0477805
 0.06412466 0.13775936 0.10983677]
[0.12555517 0.25934217 0.         0.08368805 0.         0.12357258
 0.11050826 0.16502971 0.06980931]
[0.10998064 0.         0.         0.20753732 0.         0.0916756
 0.08128314 0.29289897 0.15412883]
[0.10196904 0.         0.         0.13148395 0.         0.
 0.1273429  0.27820592 0.29850194]
[0.28605405 0.         0.         0.25144049 0.         0.
 0.14771184 0.25229661 0.        ]
[0.36596843 0.         0.         0.22644287 0.         0.
 0.34509095 0.         0.        ]
[0.44930509 0.         0.         0.48819641 0.         0.
 0.         0.         0.        ]
[0.         0.         0.         0.93750075 0.         0.
 0.         0.         0.        ]
