[0.09070491 0.02800979 0.07773998 0.03359898 0.52452857 0.06430816
 0.04831022 0.03129531 0.03901083]
[0.0997965  0.08293943 0.26724858 0.07108039 0.         0.12226657
 0.08999363 0.12058012 0.08360078]
[0.16416869 0.16751209 0.         0.06688306 0.         0.13136162
 0.13584249 0.18421671 0.08752058]
[0.05535761 0.         0.         0.05030954 0.         0.06023745
 0.13302034 0.56537159 0.07320797]
[0.16745661 0.         0.         0.13514291 0.         0.30187142
 0.18997957 0.         0.14305325]
[0.16186523 0.         0.         0.45958896 0.         0.
 0.14593807 0.         0.17011074]
[0.5305108  0.         0.         0.         0.         0.
 0.26328475 0.         0.1437067 ]
[0.         0.         0.         0.         0.         0.
 0.18563225 0.         0.75186925]
[0.         0.         0.         0.         0.         0.
 0.93750075 0.         0.        ]
