[0.12026292 0.1578917  0.10978593 0.05846749 0.22222448 0.08541393
 0.06443211 0.03997714 0.07905106]
[0.09905376 0.         0.07455381 0.07290011 0.26465957 0.06535264
 0.13614077 0.12262473 0.10222062]
[0.10260379 0.         0.17919749 0.0618742  0.         0.11669903
 0.24229754 0.16418394 0.07064927]
[0.48162548 0.         0.         0.11444865 0.         0.15374566
 0.04027835 0.06715204 0.08025431]
[0.         0.         0.         0.14541637 0.         0.08060451
 0.0520508  0.10995723 0.54947484]
[0.         0.         0.         0.1985409  0.         0.48722782
 0.132453   0.11928128 0.        ]
[0.         0.         0.         0.53146593 0.         0.
 0.21306171 0.19297461 0.        ]
[0.        0.        0.        0.        0.        0.        0.4799039
 0.4575976 0.       ]
[0.         0.         0.         0.         0.         0.
 0.         0.93750075 0.        ]
