[0.01058336 0.02107685 0.07516635 0.03834355 0.66031712 0.0194145
 0.01978683 0.05696946 0.03584873]
[0.06105721 0.04894862 0.11749159 0.08381581 0.         0.12690993
 0.16991547 0.17846686 0.1509005 ]
[0.11336359 0.1002973  0.16102971 0.10127349 0.         0.13209709
 0.11357382 0.21587026 0.        ]
[0.12500498 0.20893657 0.10757748 0.10257848 0.         0.18900648
 0.2044005  0.         0.        ]
[0.21676168 0.         0.18982788 0.19014417 0.         0.19007215
 0.15069787 0.         0.        ]
[0.         0.         0.27517136 0.30501704 0.         0.12268746
 0.23462715 0.         0.        ]
[0.         0.         0.34158966 0.         0.         0.25867656
 0.33723604 0.         0.        ]
[0.        0.        0.6057184 0.        0.        0.3317831 0.
 0.        0.       ]
[0.         0.         0.         0.         0.         0.93750075
 0.         0.         0.        ]
