[0.08554926 0.07604814 0.11456226 0.14953039 0.11977019 0.08306353
 0.10520658 0.12628259 0.07749382]
[0.10275197 0.12998643 0.09972418 0.10533246 0.         0.13822603
 0.17961696 0.09754096 0.08432701]
[0.09629282 0.08933479 0.11164518 0.12707404 0.         0.1646416
 0.21410777 0.         0.13440905]
[0.12534107 0.05527874 0.26432156 0.13999099 0.         0.23276666
 0.         0.         0.11980547]
[0.20324808 0.14442759 0.         0.2723466  0.         0.13084623
 0.         0.         0.18663525]
[0.2788389  0.21748659 0.         0.         0.         0.34032851
 0.         0.         0.10084899]
[0.19915372 0.21152362 0.         0.         0.         0.
 0.         0.         0.5268249 ]
[0.74455609 0.19294541 0.         0.         0.         0.
 0.         0.         0.        ]
[0.         0.93750075 0.         0.         0.         0.
 0.         0.         0.        ]
