[0.03062227 0.02993079 0.08350718 0.01510069 0.61080191 0.02383252
 0.04425505 0.04740957 0.05204677]
[0.08157021 0.11059615 0.27088109 0.06573966 0.         0.0414858
 0.09986157 0.19348714 0.07388439]
[0.13770791 0.14348368 0.         0.12440625 0.         0.21915663
 0.11103542 0.09561108 0.10610429]
[0.05202554 0.07823181 0.         0.66914062 0.         0.
 0.04182    0.04344299 0.05284354]
[0.17416536 0.24822347 0.         0.         0.         0.
 0.14665202 0.20528505 0.16317785]
[0.12268275 0.66789236 0.         0.         0.         0.
 0.10884411 0.         0.03808378]
[0.64630906 0.         0.         0.         0.         0.
 0.12633559 0.         0.1648576 ]
[0.         0.         0.         0.         0.         0.
 0.26707113 0.         0.67043037]
[0.         0.         0.         0.         0.         0.
 0.93750075 0.         0.        ]
