[0.04772868 0.02809624 0.0531213  0.02940209 0.52665402 0.02392573
 0.05910597 0.13574056 0.03373216]
[0.07447895 0.07009646 0.3081144  0.12452955 0.         0.03549127
 0.10689615 0.1279324  0.08996682]
[0.14345851 0.20731407 0.         0.06117072 0.         0.2043424
 0.10854224 0.13039106 0.08228626]
[0.09653028 0.         0.         0.06519374 0.         0.03457034
 0.05464446 0.62694045 0.05962523]
[0.08522163 0.         0.         0.24013059 0.         0.36420483
 0.07895864 0.         0.16898806]
[0.17703745 0.         0.         0.58588927 0.         0.
 0.11761861 0.         0.05695767]
[0.45327434 0.         0.         0.         0.         0.
 0.34864442 0.         0.13558349]
[0.         0.         0.         0.         0.         0.
 0.20662783 0.         0.73087367]
[0.         0.         0.         0.         0.         0.
 0.93750075 0.         0.        ]
