[0.0251791  0.04194738 0.05679426 0.01474261 0.69679657 0.0269652
 0.02272444 0.03339316 0.01896402]
[0.10200232 0.04420712 0.11347791 0.09159488 0.         0.06268878
 0.24310973 0.12995384 0.15047142]
[0.12135479 0.0879068  0.11110853 0.12632576 0.         0.08371684
 0.         0.29149281 0.11559972]
[0.         0.02575315 0.14441155 0.14994843 0.         0.04606857
 0.         0.12242659 0.44889622]
[0.         0.06207295 0.09545634 0.09678476 0.         0.12704184
 0.         0.55614785 0.        ]
[0.         0.29713106 0.18946989 0.23231538 0.         0.21858667
 0.         0.         0.        ]
[0.         0.         0.27366138 0.12562365 0.         0.53821722
 0.         0.         0.        ]
[0.         0.         0.38392198 0.55357952 0.         0.
 0.         0.         0.        ]
[0.         0.         0.93750075 0.         0.         0.
 0.         0.         0.        ]
