[0.02623608 0.06778328 0.06980903 0.0219279  0.61040247 0.01997969
 0.04936859 0.0264513  0.0455484 ]
[0.08566705 0.05639779 0.22789451 0.09925583 0.         0.06604148
 0.1615002  0.15268117 0.08806798]
[0.09148406 0.05254882 0.22052384 0.13597487 0.         0.09375244
 0.         0.24880376 0.09441746]
[0.10799358 0.11478135 0.13832488 0.         0.         0.30947214
 0.         0.1913734  0.07555915]
[0.15811773 0.18515083 0.17640231 0.         0.         0.
 0.         0.2403011  0.17753179]
[0.43665938 0.13628506 0.25001721 0.         0.         0.
 0.         0.11454135 0.        ]
[0.         0.18465147 0.13353946 0.         0.         0.
 0.         0.61931132 0.        ]
[0.         0.61500134 0.32250016 0.         0.         0.
 0.         0.         0.        ]
[0.         0.         0.93750075 0.         0.         0.
 0.         0.         0.        ]
