[0.03114867 0.01567344 0.03696801 0.0081476  0.6819654  0.0114411
 0.07192763 0.02960775 0.05062715]
[0.08895237 0.07843867 0.19010714 0.07030185 0.         0.12396296
 0.12340294 0.16427638 0.0980637 ]
[0.11483355 0.14967555 0.         0.11257742 0.         0.15494436
 0.2078339  0.11613913 0.08150134]
[0.14180261 0.09804383 0.         0.10390965 0.         0.21365553
 0.         0.21132794 0.16876493]
[0.18698632 0.1632111  0.         0.17868225 0.         0.21867478
 0.         0.         0.1899493 ]
[0.32983304 0.19657899 0.         0.23709783 0.         0.
 0.         0.         0.17399314]
[0.18485286 0.37642394 0.         0.         0.         0.
 0.         0.         0.37622545]
[0.68480438 0.25269712 0.         0.         0.         0.
 0.         0.         0.        ]
[0.         0.93750075 0.         0.         0.         0.
 0.         0.         0.        ]
