[0.02786387 0.03036727 0.09273197 0.04866762 0.63745767 0.02145305
 0.02132105 0.02316916 0.03447509]
[0.05983267 0.06084488 0.15229625 0.08596763 0.         0.14210227
 0.19990634 0.16126504 0.07529092]
[0.06998946 0.05556802 0.1792001  0.05698026 0.         0.30148509
 0.         0.15055354 0.12372878]
[0.14492091 0.09752656 0.20358721 0.12700593 0.         0.
 0.         0.191253   0.17321089]
[0.20154714 0.1435395  0.21381759 0.         0.         0.
 0.         0.22576873 0.15283079]
[0.         0.1935834  0.14774417 0.         0.         0.
 0.         0.11943948 0.47673595]
[0.         0.14883779 0.27857569 0.         0.         0.
 0.         0.51008878 0.        ]
[0.         0.48324353 0.45425797 0.         0.         0.
 0.         0.         0.        ]
[0.         0.         0.93750075 0.         0.         0.
 0.         0.         0.        ]
