[0.10755784 0.11250419 0.09207613 0.13220509 0.15023712 0.13010261
 0.07796648 0.07159181 0.06326549]
[0.15534874 0.08811757 0.29320953 0.0644585  0.         0.07920437
 0.09095322 0.07591911 0.09029497]
[0.1200841  0.0772739  0.         0.05500394 0.         0.35603405
 0.10600448 0.1106386  0.11246617]
[0.09358418 0.05980617 0.         0.36769852 0.         0.
 0.11566278 0.15850938 0.14224347]
[0.1569631  0.15906306 0.         0.         0.         0.
 0.28170164 0.26172451 0.07805143]
[0.05511042 0.61397579 0.         0.         0.         0.
 0.18981889 0.         0.0785979 ]
[0.64107868 0.         0.         0.         0.         0.
 0.1752399  0.         0.12118366]
[0.         0.         0.         0.         0.         0.
 0.12927428 0.         0.80822722]
[0.         0.         0.         0.         0.         0.
 0.93750075 0.         0.        ]
