[0.02117144 0.04200933 0.05457153 0.06808181 0.60927341 0.01466516
 0.02591676 0.07555187 0.02626544]
[0.07047731 0.06875952 0.3355247  0.09704527 0.         0.07689822
 0.08406387 0.09432279 0.11041432]
[0.09965461 0.23145212 0.         0.14292303 0.         0.09484888
 0.1042831  0.13522117 0.12912234]
[0.         0.06254512 0.         0.13317356 0.         0.08739348
 0.11139919 0.12012868 0.42286449]
[0.         0.17007931 0.         0.18496756 0.         0.39437999
 0.09752559 0.09055131 0.        ]
[0.         0.07230985 0.         0.4403973  0.         0.
 0.07037277 0.35442308 0.        ]
[0.         0.14761469 0.         0.         0.         0.
 0.28816068 0.50172688 0.        ]
[0.         0.60699429 0.         0.         0.         0.
 0.33050721 0.         0.        ]
[0.         0.         0.         0.         0.         0.
 0.93750075 0.         0.        ]
