[0.05980728 0.06422791 0.10597171 0.05156817 0.38063408 0.09772701
 0.05997714 0.0600271  0.05756634]
[0.06684643 0.12748307 0.326824   0.10793241 0.         0.0429877
 0.10642471 0.09823611 0.06077157]
[0.12985822 0.12107152 0.         0.06860736 0.         0.32971968
 0.11076378 0.10709532 0.07038938]
[0.06815289 0.09977739 0.         0.49703501 0.         0.
 0.07682667 0.05229934 0.1434132 ]
[0.21428168 0.16835665 0.         0.         0.         0.
 0.21979712 0.20325582 0.13181247]
[0.2328416  0.25426118 0.         0.         0.         0.
 0.         0.2739667  0.17643352]
[0.59036645 0.         0.         0.         0.         0.
 0.         0.18436432 0.16277148]
[0.         0.         0.         0.         0.         0.
 0.         0.32777645 0.60972505]
[0.         0.         0.         0.         0.         0.
 0.         0.93750075 0.        ]
