[0.02497533 0.03256955 0.07194986 0.03383431 0.57437065 0.03790538
 0.02241367 0.07280796 0.06668005]
[0.09831061 0.08138908 0.23773817 0.10196376 0.         0.11502441
 0.1022526  0.12687355 0.07395381]
[0.13441444 0.13025588 0.         0.09304813 0.         0.20861876
 0.11820013 0.1729425  0.08002541]
[0.08158454 0.         0.         0.0359084  0.         0.08262022
 0.10869109 0.49503957 0.13366069]
[0.11879986 0.         0.         0.21949553 0.         0.29723626
 0.14095345 0.         0.16101864]
[0.22056341 0.         0.         0.44272714 0.         0.
 0.19589777 0.         0.07831467]
[0.41396697 0.         0.         0.         0.         0.
 0.40392434 0.         0.11961095]
[0.         0.         0.         0.         0.         0.
 0.09385204 0.         0.84364946]
[0.         0.         0.         0.         0.         0.
 0.93750075 0.         0.        ]
