[0.0372913  0.03309954 0.10235885 0.03097486 0.5439237  0.0659928
 0.05184062 0.03698531 0.03503977]
[0.09076031 0.06284764 0.16116242 0.08868296 0.         0.05413523
 0.15221704 0.17165131 0.15604908]
[0.13604817 0.05037204 0.12644781 0.09001027 0.         0.12820074
 0.         0.28983657 0.11658965]
[0.09523133 0.41708777 0.11801932 0.0601305  0.         0.11247001
 0.         0.         0.13456556]
[0.20619341 0.         0.22821424 0.12052519 0.         0.28810203
 0.         0.         0.09446888]
[0.19398788 0.         0.14924794 0.41256651 0.         0.
 0.         0.         0.18170067]
[0.56678719 0.         0.25012736 0.         0.         0.
 0.         0.         0.1205877 ]
[0.         0.         0.18325082 0.         0.         0.
 0.         0.         0.75425068]
[0.         0.         0.93750075 0.         0.         0.
 0.         0.         0.        ]
