[0.01933382 0.01355864 0.04348239 0.07087381 0.64768388 0.01390054
 0.02416334 0.03393813 0.07057221]
[0.09354998 0.12634652 0.17514634 0.1048576  0.         0.06842993
 0.12523173 0.14704091 0.09690298]
[0.13115194 0.14037352 0.         0.10188752 0.         0.1197848
 0.13943559 0.20233934 0.10253255]
[0.09172042 0.28151657 0.         0.16802955 0.         0.16217603
 0.15203214 0.         0.08202979]
[0.30677187 0.         0.         0.17687686 0.         0.17056222
 0.14938933 0.         0.13390348]
[0.         0.         0.         0.19380643 0.         0.17535252
 0.20532301 0.         0.36302104]
[0.         0.         0.         0.19734654 0.         0.56209528
 0.17806043 0.         0.        ]
[0.         0.         0.         0.59523411 0.         0.
 0.34226739 0.         0.        ]
[0.         0.         0.         0.         0.         0.
 0.93750075 0.         0.        ]
