[0.13349692 0.06079817 0.15457293 0.14258769 0.13401298 0.03615003
 0.11572474 0.04997732 0.11018598]
[0.21919283 0.08371714 0.120293   0.11180588 0.11296013 0.08682109
 0.12644766 0.07626827 0.        ]
[0.14514372 0.12247993 0.11070491 0.         0.23076475 0.09684822
 0.14942208 0.08214164 0.        ]
[0.         0.18356175 0.14244695 0.         0.21158313 0.11196851
 0.09897479 0.18896937 0.        ]
[0.         0.1133305  0.1475794  0.         0.         0.22148396
 0.18604256 0.26906733 0.        ]
[0.         0.07166395 0.4552481  0.         0.         0.
 0.17190914 0.23868181 0.        ]
[0.         0.11806369 0.         0.         0.         0.
 0.48450327 0.33493529 0.        ]
[0.         0.37025588 0.         0.         0.         0.
 0.         0.56724562 0.        ]
[0.         0.93750075 0.         0.         0.         0.
 0.         0.         0.        ]
