[0.02101137 0.02133738 0.02959822 0.02728371 0.69364807 0.0146844
 0.01625533 0.07369648 0.03999179]
[0.06439774 0.09941123 0.13415123 0.0909483  0.         0.06053627
 0.15898693 0.23029245 0.09878187]
[0.16783965 0.16807544 0.         0.08682083 0.         0.21799612
 0.11134379 0.11967916 0.06575025]
[0.         0.03951845 0.         0.14134734 0.         0.11459016
 0.08340278 0.10787302 0.45077275]
[0.         0.11195131 0.         0.14330257 0.         0.30215011
 0.14988456 0.2302152  0.        ]
[0.         0.06162724 0.         0.52166057 0.         0.
 0.21855246 0.13566274 0.        ]
[0.         0.10882975 0.         0.         0.         0.
 0.40431918 0.42435332 0.        ]
[0.         0.58512806 0.         0.         0.         0.
 0.35237344 0.         0.        ]
[0.         0.         0.         0.         0.         0.
 0.93750075 0.         0.        ]
