[0.02141363 0.04581907 0.02349211 0.02646783 0.72122894 0.02115973
 0.01793594 0.04798307 0.01200643]
[0.09050833 0.04626488 0.1256921  0.07653392 0.         0.13709377
 0.21323732 0.1387922  0.10938348]
[0.         0.10327707 0.10919777 0.21727052 0.         0.09990189
 0.18565612 0.06428139 0.15792049]
[0.         0.18723287 0.07131548 0.         0.         0.21962522
 0.23394337 0.1194952  0.10589236]
[0.         0.21880033 0.21226121 0.         0.         0.
 0.15886969 0.19557813 0.15199439]
[0.         0.07342868 0.14121751 0.         0.         0.
 0.         0.49405632 0.22880049]
[0.         0.20657336 0.         0.         0.         0.
 0.         0.23202026 0.49890863]
[0.         0.25401812 0.         0.         0.         0.
 0.         0.68348338 0.        ]
[0.         0.93750075 0.         0.         0.         0.
 0.         0.         0.        ]
