[0.02818242 0.01751333 0.03025286 0.04505814 0.68244083 0.03818223
 0.0211747  0.04633749 0.02836476]
[0.10634014 0.1225883  0.11101499 0.0754908  0.         0.0799802
 0.19381311 0.14750342 0.10077504]
[0.12013185 0.09212874 0.06860594 0.08186527 0.         0.10163487
 0.         0.37501719 0.09812138]
[0.10622967 0.31070144 0.09776354 0.12791077 0.         0.18181633
 0.         0.         0.11308275]
[0.36629485 0.         0.08596451 0.17992682 0.         0.23096667
 0.         0.         0.0743509 ]
[0.20482218 0.         0.21000761 0.         0.         0.30049485
 0.         0.         0.22217835]
[0.33331    0.         0.36222317 0.         0.         0.
 0.         0.         0.24196909]
[0.        0.        0.3690616 0.        0.        0.        0.
 0.        0.5684399]
[0.         0.         0.93750075 0.         0.         0.
 0.         0.         0.        ]
