[0.05018075 0.07896488 0.07225632 0.08791556 0.33725126 0.07680381
 0.08788963 0.06742686 0.07881768]
[0.08473483 0.07114292 0.33787975 0.0625225  0.         0.06612079
 0.15386083 0.09281168 0.0684327 ]
[0.20482376 0.09598246 0.         0.03156645 0.         0.30637906
 0.10843276 0.10931527 0.08100549]
[0.0632346  0.11436911 0.         0.54994301 0.         0.
 0.08569229 0.05623469 0.06803079]
[0.25864055 0.12393508 0.         0.         0.         0.
 0.21271869 0.22523282 0.11697661]
[0.15138989 0.29841979 0.         0.         0.         0.
 0.         0.37179966 0.11589367]
[0.53694837 0.         0.         0.         0.         0.
 0.         0.26933857 0.13121532]
[0.         0.         0.         0.         0.         0.
 0.         0.21017423 0.72732727]
[0.         0.         0.         0.         0.         0.
 0.         0.93750075 0.        ]
