[0.05185088 0.01638023 0.03623016 0.05346904 0.67231746 0.02452637
 0.02046439 0.04405997 0.01820823]
[0.07692892 0.07895014 0.20373546 0.1012742  0.         0.11296612
 0.163233   0.11765464 0.08276352]
[0.13721518 0.11919685 0.         0.12043926 0.         0.220687
 0.15971323 0.08559008 0.09466367]
[0.07191824 0.05424146 0.         0.52069528 0.         0.
 0.12943368 0.05751003 0.10370582]
[0.25459904 0.17234079 0.         0.         0.         0.
 0.20352759 0.18910936 0.11792697]
[0.09435969 0.         0.         0.         0.         0.
 0.26733678 0.54041712 0.03538941]
[0.4755343  0.         0.         0.         0.         0.
 0.32039673 0.         0.14157121]
[0.         0.         0.         0.         0.         0.
 0.18310483 0.         0.75439667]
[0.         0.         0.         0.         0.         0.
 0.93750075 0.         0.        ]
