[0.03180936 0.06076122 0.07866315 0.05631055 0.52007325 0.02680571
 0.05210034 0.07345703 0.03752615]
[0.09848832 0.07775204 0.31730394 0.08716554 0.         0.02896111
 0.09175295 0.13113532 0.10494678]
[0.13979906 0.12074376 0.         0.07507552 0.         0.2105458
 0.11584519 0.09971393 0.175782  ]
[0.09674159 0.0791937  0.         0.60068711 0.         0.
 0.05511938 0.06189746 0.04386525]
[0.22221487 0.26264586 0.         0.         0.         0.
 0.16488503 0.19177778 0.09598022]
[0.         0.08931793 0.         0.         0.         0.
 0.09471375 0.15154683 0.60192449]
[0.         0.27293719 0.         0.         0.         0.
 0.32385193 0.34071313 0.        ]
[0.         0.         0.         0.         0.         0.
 0.13143061 0.80607089 0.        ]
[0.         0.         0.         0.         0.         0.
 0.93750075 0.         0.        ]
