[0.0686348  0.08874961 0.08563263 0.0482821  0.29180983 0.09030202
 0.13206881 0.0651544  0.06687255]
[0.08957269 0.0790577  0.28625327 0.05896994 0.         0.06022091
 0.11351858 0.14328432 0.10662859]
[0.12779221 0.15978928 0.         0.08208435 0.         0.33577224
 0.07008431 0.07173244 0.09025042]
[0.06515563 0.09371942 0.         0.55006455 0.         0.
 0.09848114 0.05723835 0.07284542]
[0.23921634 0.16739605 0.         0.         0.         0.
 0.19788056 0.24351385 0.08949695]
[0.17497922 0.31658328 0.         0.         0.         0.
 0.         0.22432769 0.22161282]
[0.         0.69987951 0.         0.         0.         0.
 0.         0.11254991 0.12507284]
[0.         0.         0.         0.         0.         0.
 0.         0.68746992 0.25003158]
[0.         0.         0.         0.         0.         0.
 0.         0.         0.93750075]
