[0.14759736 0.12321305 0.08435763 0.09557641 0.20747416 0.09559635
 0.07534043 0.04081208 0.06753927]
[0.         0.14030632 0.09204691 0.05523856 0.28582506 0.1354998
 0.08122066 0.06205187 0.08531682]
[0.         0.12045495 0.09422357 0.10803583 0.27804091 0.
 0.08917806 0.10385706 0.14371486]
[0.         0.09795877 0.18221387 0.16843641 0.17691374 0.
 0.11108274 0.20089897 0.        ]
[0.         0.10404715 0.15767071 0.33937642 0.         0.
 0.12890966 0.20749981 0.        ]
[0.         0.09219761 0.25968383 0.         0.         0.
 0.38675567 0.19886589 0.        ]
[0.         0.19630032 0.34980374 0.         0.         0.
 0.         0.39139819 0.        ]
[0.         0.61142547 0.         0.         0.         0.
 0.         0.32607603 0.        ]
[0.         0.         0.         0.         0.         0.
 0.         0.93750075 0.        ]
