[0.04354286 0.04640069 0.05597733 0.05014042 0.52198896 0.10145939
 0.04274843 0.04892184 0.02632683]
[0.09452732 0.10611089 0.23887022 0.09126844 0.         0.09288969
 0.11005658 0.12536034 0.0784225 ]
[0.16771997 0.13764266 0.         0.03324582 0.         0.29389451
 0.12914037 0.11104379 0.06481813]
[0.15540301 0.08255622 0.         0.51681648 0.         0.
 0.04130584 0.06684995 0.07457299]
[0.23895148 0.21406864 0.         0.         0.         0.
 0.21595342 0.20602829 0.06250192]
[0.2303488  0.35501074 0.         0.         0.         0.
 0.         0.19039219 0.16175127]
[0.         0.59911975 0.         0.         0.         0.
 0.         0.18951244 0.14887005]
[0.         0.         0.         0.         0.         0.
 0.         0.77642493 0.16107657]
[0.         0.         0.         0.         0.         0.
 0.         0.         0.93750075]
