[0.04087379 0.02634676 0.12617468 0.04290903 0.5576352  0.01796372
 0.0463109  0.05279998 0.02649269]
[0.08467982 0.09153193 0.26378556 0.08580237 0.         0.04082095
 0.16303901 0.12580853 0.08203783]
[0.12335389 0.13933452 0.         0.04311139 0.         0.26628677
 0.09549287 0.18031201 0.0896138 ]
[0.40323964 0.13995784 0.         0.14880872 0.         0.12064977
 0.03757282 0.0872757  0.        ]
[0.         0.309632   0.         0.18985519 0.         0.11772065
 0.21147081 0.10882509 0.        ]
[0.         0.         0.         0.13217456 0.         0.19678231
 0.20369733 0.4048488  0.        ]
[0.         0.         0.         0.30723209 0.         0.32980229
 0.30046787 0.         0.        ]
[0.         0.         0.         0.73464219 0.         0.
 0.20285931 0.         0.        ]
[0.         0.         0.         0.         0.         0.
 0.93750075 0.         0.        ]
