[0.01196926 0.0683537  0.03193518 0.0181166  0.64611028 0.01601775
 0.03923402 0.02316823 0.08260173]
[0.08159948 0.12052023 0.09383823 0.08386517 0.         0.10333757
 0.20004827 0.16559507 0.08870199]
[0.13011618 0.08302605 0.10742029 0.11101686 0.         0.19728569
 0.         0.23500606 0.07363411]
[0.         0.03846421 0.13663143 0.110051   0.         0.11381939
 0.         0.13950728 0.3990312 ]
[0.         0.07500347 0.13863849 0.16155842 0.         0.2293871
 0.         0.33291627 0.        ]
[0.         0.2451998  0.25914406 0.19798495 0.         0.2351742
 0.         0.         0.        ]
[0.         0.         0.25464999 0.16988701 0.         0.51296525
 0.         0.         0.        ]
[0.         0.         0.30383588 0.63366562 0.         0.
 0.         0.         0.        ]
[0.         0.         0.93750075 0.         0.         0.
 0.         0.         0.        ]
