[0.02728793 0.03136485 0.04993414 0.00845053 0.65801129 0.01564918
 0.03228245 0.0490212  0.06550518]
[0.14975781 0.16301026 0.10313079 0.08123778 0.         0.11081003
 0.07524214 0.13064361 0.12367359]
[0.0742171  0.08987233 0.2728781  0.10721952 0.         0.13889134
 0.         0.20187221 0.05255465]
[0.13048161 0.14992625 0.20670332 0.13696703 0.         0.
 0.         0.17226723 0.14115905]
[0.31997486 0.12898685 0.17425194 0.         0.         0.
 0.         0.21764485 0.09664525]
[0.         0.13617421 0.21970298 0.         0.         0.
 0.         0.2796449  0.30198091]
[0.         0.15988481 0.44097363 0.         0.         0.
 0.         0.33664381 0.        ]
[0.         0.49718674 0.44031476 0.         0.         0.
 0.         0.         0.        ]
[0.         0.         0.93750075 0.         0.         0.
 0.         0.         0.        ]
