[0.01600358 0.06193465 0.05966492 0.0190538  0.65016933 0.01475576
 0.02741415 0.05836258 0.03014799]
[0.08755153 0.05589421 0.13308469 0.06811736 0.         0.12332626
 0.22694286 0.16804969 0.07453941]
[0.12895786 0.05822316 0.16440271 0.07486943 0.         0.24157351
 0.         0.17466798 0.0948106 ]
[0.         0.04278722 0.16206085 0.11804172 0.         0.16924127
 0.         0.12796917 0.31740428]
[0.         0.06039557 0.18528637 0.0849418  0.         0.40423458
 0.         0.20264542 0.        ]
[0.         0.25549873 0.2403493  0.15828501 0.         0.28336996
 0.         0.         0.        ]
[0.         0.13787226 0.3264594  0.         0.         0.47317059
 0.         0.         0.        ]
[0.         0.48237505 0.45512645 0.         0.         0.
 0.         0.         0.        ]
[0.         0.         0.93750075 0.         0.         0.
 0.         0.         0.        ]
