[0.04928557 0.03051978 0.08617123 0.01420068 0.55632463 0.05638347
 0.04687599 0.03339839 0.06434702]
[0.10619287 0.12994621 0.23125972 0.0961035  0.         0.06217605
 0.14334534 0.08472799 0.08375431]
[0.12498061 0.12706107 0.         0.11811926 0.         0.34010398
 0.09647525 0.07185917 0.05890592]
[0.07563464 0.10728013 0.         0.5336467  0.         0.
 0.04794931 0.10036148 0.07263225]
[0.20660896 0.28493748 0.         0.         0.         0.
 0.1534778  0.22860475 0.06387477]
[0.08963616 0.68047073 0.         0.         0.         0.
 0.12608627 0.         0.04130985]
[0.65771569 0.         0.         0.         0.         0.
 0.18414088 0.         0.09564568]
[0.         0.         0.         0.         0.         0.
 0.22557864 0.         0.71192286]
[0.         0.         0.         0.         0.         0.
 0.93750075 0.         0.        ]
