[0.01202554 0.04720084 0.04084138 0.04156093 0.68219275 0.01070662
 0.04779328 0.03843308 0.01675232]
[0.08144895 0.09766584 0.22080389 0.19709668 0.         0.0648794
 0.0783219  0.10991261 0.08737673]
[0.20007629 0.31397812 0.         0.05223698 0.         0.17901863
 0.0813878  0.06061753 0.0501899 ]
[0.12093444 0.         0.         0.22081576 0.         0.07783175
 0.1072621  0.25454658 0.15611387]
[0.19074909 0.         0.         0.15544111 0.         0.34147404
 0.16181436 0.         0.08802516]
[0.28787697 0.         0.         0.32590093 0.         0.
 0.21422869 0.         0.10949641]
[0.32442188 0.         0.         0.         0.         0.
 0.35394037 0.         0.25914   ]
[0.52572923 0.         0.         0.         0.         0.
 0.         0.         0.41177227]
[0.         0.         0.         0.         0.         0.
 0.         0.         0.93750075]
