[0.10409874 0.0759366  0.07049456 0.03006762 0.35279955 0.06115676
 0.07189943 0.07632813 0.09472537]
[0.06905791 0.1288997  0.36615533 0.0558974  0.         0.05955008
 0.10116921 0.09706377 0.0597126 ]
[0.139524   0.09082793 0.         0.07493187 0.         0.30020654
 0.08222129 0.1794624  0.07033122]
[0.         0.06144991 0.         0.09728965 0.         0.08087128
 0.05301806 0.09476275 0.55011286]
[0.         0.08293875 0.         0.09585365 0.         0.64089529
 0.08503565 0.03278041 0.        ]
[0.         0.03397783 0.         0.67062489 0.         0.
 0.07887195 0.15402833 0.        ]
[0.         0.21239298 0.         0.         0.         0.
 0.31431878 0.4107905  0.        ]
[0.         0.81667425 0.         0.         0.         0.
 0.12082725 0.         0.        ]
[0.         0.         0.         0.         0.         0.
 0.93750075 0.         0.        ]
