[0.0559898  0.03098788 0.04104288 0.02797045 0.61547507 0.0205699
 0.04301052 0.05770037 0.04475989]
[0.02603038 0.05566205 0.06245235 0.06801003 0.5994363  0.02884519
 0.         0.06984348 0.02722622]
[0.09981392 0.12204809 0.14920673 0.10427149 0.         0.08423489
 0.         0.07005147 0.30787866]
[0.1217029  0.09025854 0.11210688 0.06798139 0.         0.2349799
 0.         0.31047488 0.        ]
[0.14588983 0.44113955 0.10984018 0.04970664 0.         0.19092756
 0.         0.         0.        ]
[0.17105572 0.         0.21049795 0.09872001 0.         0.45722932
 0.         0.         0.        ]
[0.18678336 0.         0.22324748 0.5274714  0.         0.
 0.         0.         0.        ]
[0.58583254 0.         0.35166896 0.         0.         0.
 0.         0.         0.        ]
[0.         0.         0.93750075 0.         0.         0.
 0.         0.         0.        ]
