[0.09529397 0.02856959 0.07256196 0.01461316 0.62578338 0.03048345
 0.0196608  0.02555838 0.02498205]
[0.08821016 0.06758106 0.09865607 0.13443209 0.         0.12059512
 0.1528081  0.13402443 0.14119898]
[0.11319586 0.17075742 0.08010356 0.05080305 0.         0.22318272
 0.         0.23293403 0.0665286 ]
[0.14477408 0.         0.09878955 0.20162807 0.         0.16126677
 0.         0.15207926 0.17896677]
[0.23003563 0.         0.19860346 0.13955732 0.         0.20090353
 0.         0.         0.16840381]
[0.34579369 0.         0.12921535 0.28546109 0.         0.17703287
 0.         0.         0.        ]
[0.         0.         0.36048667 0.2528714  0.         0.32414418
 0.         0.         0.        ]
[0.         0.         0.21475817 0.         0.         0.72274333
 0.         0.         0.        ]
[0.         0.         0.93750075 0.         0.         0.
 0.         0.         0.        ]
