[0.08404121 0.13017477 0.08175463 0.09026695 0.23670721 0.09317153
 0.06398222 0.06819417 0.08921405]
[0.10296493 0.17402918 0.24459072 0.0700972  0.         0.06865005
 0.07095643 0.10277702 0.10344046]
[0.09285992 0.06722044 0.10914002 0.07711611 0.         0.28682476
 0.09696242 0.20738159 0.        ]
[0.0668645  0.08009446 0.21387036 0.42318983 0.         0.
 0.04421079 0.10927456 0.        ]
[0.12070038 0.09665806 0.15008031 0.         0.         0.
 0.32377229 0.2462927  0.        ]
[0.         0.08764159 0.30896961 0.         0.         0.
 0.11414268 0.42674912 0.        ]
[0.         0.11508851 0.27027913 0.         0.         0.
 0.55213462 0.         0.        ]
[0.         0.20703834 0.73046316 0.         0.         0.
 0.         0.         0.        ]
[0.         0.93750075 0.         0.         0.         0.
 0.         0.         0.        ]
