[0.03300291 0.01927033 0.06183285 0.09093964 0.62202582 0.02523005
 0.01814848 0.01892682 0.04812986]
[0.12552063 0.1056027  0.1700618  0.07421224 0.         0.04334521
 0.14900155 0.15587438 0.1138875 ]
[0.22267433 0.05832004 0.07125848 0.0377329  0.         0.3176704
 0.09311596 0.13673314 0.        ]
[0.07774878 0.06343201 0.20301038 0.50330043 0.         0.
 0.02777816 0.06223473 0.        ]
[0.18080734 0.10830146 0.19622407 0.         0.         0.
 0.24118842 0.21098245 0.        ]
[0.15135711 0.46381773 0.09266585 0.         0.         0.
 0.2296623  0.         0.        ]
[0.276458   0.         0.38251683 0.         0.         0.
 0.27852742 0.         0.        ]
[0.33647962 0.         0.         0.         0.         0.
 0.60102188 0.         0.        ]
[0.93750075 0.         0.         0.         0.         0.
 0.         0.         0.        ]
