[0.08959221 0.12023363 0.09298666 0.08388638 0.23141602 0.10423692
 0.06594411 0.07747595 0.07173486]
[0.13539249 0.12456957 0.         0.07624209 0.20818159 0.14084205
 0.13507464 0.04152276 0.0756808 ]
[0.07691297 0.12392203 0.         0.05373141 0.44128402 0.05628675
 0.         0.07397088 0.11139718]
[0.11212219 0.16833446 0.         0.10968582 0.         0.14454557
 0.         0.07601675 0.32679971]
[0.15238672 0.08922895 0.         0.11056904 0.         0.16204032
 0.         0.42327872 0.        ]
[0.13203816 0.52469002 0.         0.08674641 0.         0.1940284
 0.         0.         0.        ]
[0.14523057 0.         0.         0.36197433 0.         0.43029735
 0.         0.         0.        ]
[0.28428071 0.         0.         0.         0.         0.65322079
 0.         0.         0.        ]
[0.93750075 0.         0.         0.         0.         0.
 0.         0.         0.        ]
