[0.04983395 0.03491892 0.03718612 0.07603667 0.59593394 0.05056788
 0.0340106  0.03598314 0.02303554]
[0.06728398 0.09624043 0.26885304 0.09065856 0.         0.07472844
 0.10990094 0.13825561 0.09158499]
[0.16285432 0.12303626 0.         0.07031657 0.         0.19337368
 0.13566981 0.15387683 0.09837777]
[0.05837558 0.         0.         0.03928755 0.         0.10523813
 0.13340595 0.53998712 0.06121017]
[0.15675616 0.         0.         0.17920061 0.         0.26584789
 0.19237228 0.         0.1433268 ]
[0.17474931 0.         0.         0.45171844 0.         0.
 0.19307135 0.         0.1179639 ]
[0.51275179 0.         0.         0.         0.         0.
 0.29258387 0.         0.13216659]
[0.         0.         0.         0.         0.         0.
 0.22806686 0.         0.70943464]
[0.         0.         0.         0.         0.         0.
 0.93750075 0.         0.        ]
