[0.04477065 0.06774532 0.05191638 0.04393549 0.55561615 0.02148996
 0.02931364 0.05886234 0.06385682]
[0.08117724 0.10348361 0.17430547 0.0679359  0.         0.08245569
 0.16950672 0.11566594 0.14297542]
[0.14671243 0.175263   0.         0.04573087 0.         0.28072012
 0.13053138 0.10074487 0.05780258]
[0.11104306 0.         0.         0.07725152 0.         0.09917771
 0.15099332 0.43636473 0.06267415]
[0.20443926 0.         0.         0.18034167 0.         0.32249873
 0.16673182 0.         0.06349227]
[0.19853959 0.         0.         0.41869556 0.         0.
 0.20828933 0.         0.11197852]
[0.31600467 0.         0.         0.         0.         0.
 0.36941533 0.         0.25208225]
[0.        0.        0.        0.        0.        0.        0.309534
 0.        0.6279675]
[0.         0.         0.         0.         0.         0.
 0.93750075 0.         0.        ]
