[0.01206073 0.03056537 0.05236268 0.02488774 0.64018553 0.02059273
 0.02407871 0.106308   0.02646524]
[0.07111482 0.06963804 0.14558394 0.11000343 0.         0.09497884
 0.14704018 0.13706695 0.16207979]
[0.09789211 0.16066754 0.10267246 0.09426449 0.         0.18809487
 0.11727246 0.17664132 0.        ]
[0.10130497 0.09621494 0.13516121 0.23598324 0.         0.
 0.12015896 0.24868117 0.        ]
[0.1626231  0.10748936 0.20291374 0.18338626 0.         0.
 0.         0.28109129 0.        ]
[0.17985018 0.33575653 0.18499993 0.23689636 0.         0.
 0.         0.         0.        ]
[0.25714524 0.         0.34987179 0.33048522 0.         0.
 0.         0.         0.        ]
[0.         0.         0.45052215 0.48697935 0.         0.
 0.         0.         0.        ]
[0.         0.         0.93750075 0.         0.         0.
 0.         0.         0.        ]
