[0.02396453 0.00803962 0.05503724 0.02978448 0.66210607 0.05542863
 0.06624872 0.02767195 0.0092255 ]
[0.07974963 0.11815077 0.14024553 0.08699061 0.         0.08151182
 0.15430749 0.17304102 0.10350913]
[0.08733401 0.10172961 0.2269549  0.10915197 0.         0.13399698
 0.12306453 0.         0.15527326]
[0.16633153 0.05645212 0.2132086  0.14597954 0.         0.0724233
 0.         0.         0.28310941]
[0.14352934 0.16077211 0.30731703 0.16562454 0.         0.16026073
 0.         0.         0.        ]
[0.10845517 0.         0.41732644 0.21346757 0.         0.19825382
 0.         0.         0.        ]
[0.2557313  0.         0.         0.32835493 0.         0.35341603
 0.         0.         0.        ]
[0.41043841 0.         0.         0.52706309 0.         0.
 0.         0.         0.        ]
[0.93750075 0.         0.         0.         0.         0.
 0.         0.         0.        ]
