[0.02326674 0.01224024 0.03649427 0.01356947 0.64938173 0.03713341
 0.01874879 0.07351091 0.07316118]
[0.08654085 0.06597465 0.16009135 0.08801365 0.         0.08908381
 0.17676635 0.18753938 0.08349597]
[0.12413425 0.12743482 0.09003057 0.12836889 0.         0.18181163
 0.         0.21734164 0.06838346]
[0.27328404 0.07684069 0.13105555 0.21975016 0.         0.14421488
 0.         0.09235917 0.        ]
[0.         0.13065092 0.22038942 0.42346108 0.         0.08936849
 0.         0.07363383 0.        ]
[0.         0.13928253 0.17708685 0.         0.         0.48988235
 0.         0.13125127 0.        ]
[0.         0.24420801 0.14637232 0.         0.         0.
 0.         0.54692192 0.        ]
[0.         0.50997278 0.42752872 0.         0.         0.
 0.         0.         0.        ]
[0.         0.         0.93750075 0.         0.         0.
 0.         0.         0.        ]
