[0.06706288 0.03289386 0.05382151 0.02829804 0.55087979 0.05181936
 0.07194826 0.03272654 0.0480565 ]
[0.06780235 0.10514584 0.26756869 0.06445154 0.         0.0683824
 0.11799304 0.14600529 0.10015686]
[0.13112212 0.13301615 0.         0.06582896 0.         0.17255903
 0.15496912 0.16417469 0.11583517]
[0.03217668 0.         0.         0.03779409 0.         0.08154604
 0.08710206 0.61983031 0.07905532]
[0.21724472 0.         0.         0.13282688 0.         0.29671486
 0.18461018 0.         0.10610711]
[0.13103428 0.         0.         0.46204332 0.         0.
 0.2789076  0.         0.06551779]
[0.50486838 0.         0.         0.         0.         0.
 0.30427501 0.         0.12835886]
[0.47452869 0.         0.         0.         0.         0.
 0.         0.         0.46297281]
[0.93750075 0.         0.         0.         0.         0.
 0.         0.         0.        ]
