[0.02591174 0.03092192 0.05099163 0.02429872 0.56510079 0.02876235
 0.09992928 0.08841797 0.02317236]
[0.09482447 0.08769406 0.3210541  0.06677659 0.         0.03685843
 0.11004319 0.11790282 0.10235234]
[0.07305139 0.05849533 0.20805107 0.12185981 0.         0.17659866
 0.         0.2305513  0.06889769]
[0.17704817 0.18361506 0.         0.09965347 0.         0.16042211
 0.         0.12236525 0.19440044]
[0.18262109 0.03638441 0.         0.11707536 0.         0.20410971
 0.         0.39731318 0.        ]
[0.18910045 0.49177197 0.         0.05700172 0.         0.19962886
 0.         0.         0.        ]
[0.13149855 0.         0.         0.32900479 0.         0.4769989
 0.         0.         0.        ]
[0.3970171 0.        0.        0.5404844 0.        0.        0.
 0.        0.       ]
[0.93750075 0.         0.         0.         0.         0.
 0.         0.         0.        ]
