[0.05773099 0.03234292 0.05365529 0.02163485 0.60298521 0.02634111
 0.03615839 0.06961413 0.03704385]
[0.11878451 0.10292878 0.23118709 0.07796111 0.         0.07109521
 0.09283388 0.16521503 0.0775004 ]
[0.14419343 0.17048857 0.         0.06333991 0.         0.32660813
 0.10262401 0.07997289 0.0502783 ]
[0.0849832  0.15994188 0.         0.4997907  0.         0.
 0.08548232 0.03477155 0.07253485]
[0.24838737 0.18163899 0.         0.         0.         0.
 0.15004972 0.28114713 0.07628054]
[0.1320029  0.61266753 0.         0.         0.         0.
 0.12111867 0.         0.0717139 ]
[0.56856026 0.         0.         0.         0.         0.
 0.19829092 0.         0.17065107]
[0.         0.         0.         0.         0.         0.
 0.15665045 0.         0.78085105]
[0.         0.         0.         0.         0.         0.
 0.93750075 0.         0.        ]
