[0.03444825 0.02800301 0.07708718 0.0131149  0.57900863 0.0663455
 0.04512874 0.06270703 0.03166352]
[0.11163955 0.13712783 0.22588977 0.0772252  0.         0.06033318
 0.10015087 0.14150436 0.08363524]
[0.11316407 0.16653149 0.         0.07137622 0.         0.34955684
 0.08387411 0.09257592 0.0604266 ]
[0.05935807 0.         0.         0.08598422 0.         0.07456192
 0.11016503 0.56536085 0.0420744 ]
[0.1108016  0.         0.         0.12828338 0.         0.3845003
 0.10190353 0.         0.21201494]
[0.20241298 0.         0.         0.54803189 0.         0.
 0.09636797 0.         0.09069016]
[0.39841245 0.         0.         0.         0.         0.
 0.36811813 0.         0.17097166]
[0.42658198 0.         0.         0.         0.         0.
 0.         0.         0.51091952]
[0.         0.         0.         0.         0.         0.
 0.         0.         0.93750075]
