[0.04560145 0.01410481 0.02960173 0.01077766 0.67861316 0.02023789
 0.02313912 0.08528151 0.03014942]
[0.06823787 0.06093748 0.10626462 0.11015828 0.         0.08353239
 0.14862235 0.18928332 0.17046968]
[0.20157639 0.05204378 0.08683731 0.13369101 0.         0.04485141
 0.         0.29445594 0.12404941]
[0.15543049 0.05637859 0.08468276 0.         0.         0.16759904
 0.         0.25898732 0.2144263 ]
[0.16428262 0.10043324 0.09748605 0.         0.         0.
 0.         0.46371816 0.11158368]
[0.31708725 0.39096286 0.13158726 0.         0.         0.
 0.         0.         0.09786563]
[0.5102275  0.         0.22543172 0.         0.         0.
 0.         0.         0.20184303]
[0.         0.         0.32359462 0.         0.         0.
 0.         0.         0.61390688]
[0.         0.         0.93750075 0.         0.         0.
 0.         0.         0.        ]
