[0.02825044 0.07913116 0.04720217 0.05190263 0.5467459  0.02560591
 0.06486429 0.03806868 0.05573556]
[0.09260357 0.09922869 0.23353214 0.14036201 0.         0.0488255
 0.13710331 0.09981217 0.08603862]
[0.12768479 0.17632303 0.         0.07238325 0.         0.26421023
 0.10459311 0.07777328 0.11453755]
[0.03852363 0.         0.         0.05577144 0.         0.05328117
 0.06144111 0.63555597 0.09293119]
[0.11283962 0.         0.         0.16597259 0.         0.36806158
 0.12842872 0.         0.16220123]
[0.08875297 0.         0.         0.         0.         0.47225096
 0.27182669 0.         0.10467237]
[0.14522517 0.         0.         0.         0.         0.
 0.21663088 0.         0.5756462 ]
[0.75094032 0.         0.         0.         0.         0.
 0.18656118 0.         0.        ]
[0.         0.         0.         0.         0.         0.
 0.93750075 0.         0.        ]
