[0.13525059 0.11657141 0.09379874 0.06964336 0.21940961 0.07004932
 0.07059184 0.05904176 0.10315012]
[0.         0.1474552  0.11135523 0.0997071  0.31596346 0.07475427
 0.06792948 0.04526142 0.07507985]
[0.         0.08224027 0.30535424 0.07428454 0.         0.04744024
 0.21092307 0.12471624 0.09254664]
[0.         0.30134603 0.         0.14925809 0.         0.13590849
 0.13303392 0.09041372 0.12754426]
[0.         0.         0.         0.07219425 0.         0.07201447
 0.1027217  0.60612184 0.08445148]
[0.         0.         0.         0.3925242  0.         0.13878544
 0.20967497 0.         0.19651838]
[0.         0.         0.         0.31137845 0.         0.19402468
 0.         0.         0.43209911]
[0.         0.         0.         0.         0.         0.72241968
 0.         0.         0.21508182]
[0.         0.         0.         0.         0.         0.
 0.         0.         0.93750075]
