[0.08788672 0.16345078 0.10862523 0.07909416 0.19561954 0.12151425
 0.07854382 0.04781196 0.05496029]
[0.10521264 0.         0.08195563 0.09678911 0.31340139 0.05392529
 0.06977776 0.12680558 0.08963861]
[0.11985727 0.         0.         0.06506322 0.21314972 0.14626118
 0.14576799 0.07731033 0.17009555]
[0.13070526 0.         0.         0.15175101 0.21461035 0.
 0.18246293 0.08735787 0.17061707]
[0.09388508 0.         0.         0.12457147 0.         0.
 0.35428199 0.14575275 0.21901246]
[0.18370521 0.         0.         0.14993362 0.         0.
 0.         0.2080443  0.39581987]
[0.30119742 0.         0.         0.22409736 0.         0.
 0.         0.         0.41220747]
[0.        0.        0.        0.689391  0.        0.        0.
 0.        0.2481105]
[0.         0.         0.         0.         0.         0.
 0.         0.         0.93750075]
