[0.05874574 0.02735093 0.02940799 0.01519341 0.67875029 0.02311267
 0.03383441 0.04554269 0.02556862]
[0.14199101 0.04366777 0.10886618 0.08728769 0.         0.05743779
 0.2031261  0.17037299 0.12475647]
[0.13537227 0.06493699 0.11939218 0.1071399  0.         0.04610625
 0.         0.36905759 0.09550007]
[0.11999363 0.37764727 0.1425592  0.07638544 0.         0.15355011
 0.         0.         0.06736886]
[0.26131515 0.         0.17236666 0.27686798 0.         0.16317355
 0.         0.         0.0637804 ]
[0.36797239 0.         0.15246148 0.         0.         0.16317889
 0.         0.         0.25389025]
[0.47126913 0.         0.31195664 0.         0.         0.
 0.         0.         0.15427648]
[0.         0.         0.23843135 0.         0.         0.
 0.         0.         0.69907015]
[0.         0.         0.93750075 0.         0.         0.
 0.         0.         0.        ]
