[0.01236878 0.01946247 0.06701631 0.02949827 0.70824988 0.02001881
 0.03115277 0.0419902  0.00774927]
[0.09472282 0.17675507 0.11876562 0.09285559 0.         0.11300216
 0.14320929 0.10890314 0.08929232]
[0.19064501 0.12698002 0.         0.09296881 0.         0.1750577
 0.10784737 0.17869554 0.06531078]
[0.         0.2031327  0.         0.13526823 0.         0.16145324
 0.12546594 0.12550137 0.18668302]
[0.         0.2846081  0.         0.10082962 0.         0.21495008
 0.15377574 0.18334021 0.        ]
[0.         0.1062352  0.         0.36944355 0.         0.
 0.25321844 0.20860582 0.        ]
[0.         0.21925767 0.         0.         0.         0.
 0.34570466 0.37253992 0.        ]
[0.        0.3039776 0.        0.        0.        0.        0.6335239
 0.        0.       ]
[0.         0.         0.         0.         0.         0.
 0.93750075 0.         0.        ]
