[0.03227362 0.03611986 0.05625128 0.03250314 0.55496103 0.01728826
 0.11578205 0.05862919 0.03369831]
[0.09743563 0.09945483 0.27773992 0.10577191 0.         0.05098675
 0.0978742  0.13223137 0.07601139]
[0.15363404 0.13305436 0.         0.06912783 0.         0.24963804
 0.10815773 0.10525977 0.11863348]
[0.05871906 0.         0.         0.0614093  0.         0.06018038
 0.05571105 0.65107245 0.05041226]
[0.09561769 0.         0.         0.22242386 0.         0.29847401
 0.13734231 0.         0.18364588]
[0.08961191 0.         0.         0.         0.         0.56724394
 0.15571239 0.         0.12493476]
[0.10667296 0.         0.         0.         0.         0.
 0.22512557 0.         0.60570372]
[0.76833472 0.         0.         0.         0.         0.
 0.16916678 0.         0.        ]
[0.         0.         0.         0.         0.         0.
 0.93750075 0.         0.        ]
