[0.04329275 0.06847413 0.06228036 0.03400775 0.48462397 0.03602626
 0.04733808 0.09828411 0.06317934]
[0.08985808 0.11799953 0.25191527 0.11776869 0.         0.07182699
 0.11091804 0.11444512 0.06277428]
[0.1942787  0.12665785 0.         0.08401192 0.         0.25795067
 0.10741657 0.10492414 0.0622654 ]
[0.         0.03577579 0.         0.09796365 0.         0.17359756
 0.04900584 0.08534005 0.49582161]
[0.         0.10142848 0.         0.02876681 0.         0.7228667
 0.03541611 0.04902565 0.        ]
[0.         0.11328773 0.         0.66547854 0.         0.
 0.0553661  0.10337062 0.        ]
[0.         0.14613959 0.         0.         0.         0.
 0.34643427 0.44492839 0.        ]
[0.        0.6121321 0.        0.        0.        0.        0.
 0.3253694 0.       ]
[0.         0.         0.         0.         0.         0.
 0.         0.93750075 0.        ]
