[0.02965798 0.04159116 0.03230603 0.01139295 0.65941853 0.01783697
 0.03636164 0.09663092 0.01231057]
[0.05169656 0.06773417 0.10067396 0.07290442 0.         0.07776346
 0.29932814 0.12377148 0.14363382]
[0.15958464 0.12881921 0.         0.10390364 0.         0.14043716
 0.14827952 0.10058786 0.15589322]
[0.14908987 0.09767725 0.         0.31750856 0.         0.
 0.17214177 0.09680516 0.10428188]
[0.38903607 0.18456188 0.         0.         0.         0.
 0.15374517 0.11442562 0.09573501]
[0.13827622 0.         0.         0.         0.         0.
 0.13371701 0.53597787 0.1295319 ]
[0.47499844 0.         0.         0.         0.         0.
 0.26453535 0.         0.19796846]
[0.         0.         0.         0.         0.         0.
 0.26460692 0.         0.67289458]
[0.         0.         0.         0.         0.         0.
 0.93750075 0.         0.        ]
