[0.15141056 0.05808689 0.09141466 0.12129768 0.14654559 0.06895802
 0.09332038 0.06957195 0.13690102]
[0.14084858 0.05942307 0.27790202 0.11058516 0.         0.04561166
 0.10848992 0.09696418 0.0976814 ]
[0.         0.15015768 0.12588018 0.23174357 0.         0.07109498
 0.10313749 0.1707252  0.08476616]
[0.         0.12183926 0.29432469 0.16929583 0.         0.05357712
 0.         0.21400018 0.08446741]
[0.         0.39481636 0.         0.17999122 0.         0.15218954
 0.         0.13479056 0.07571607]
[0.         0.         0.         0.16627147 0.         0.07039784
 0.         0.60393713 0.09689656]
[0.         0.         0.         0.45662317 0.         0.23854526
 0.         0.         0.24233382]
[0.         0.         0.         0.72443392 0.         0.
 0.         0.         0.21306758]
[0.         0.         0.         0.         0.         0.
 0.         0.         0.93750075]
