[0.04963727 0.08812302 0.10391709 0.05571674 0.40022569 0.07860382
 0.0574993  0.05477481 0.04900902]
[0.07477029 0.07456247 0.37046222 0.11655475 0.         0.05601446
 0.07335059 0.09473896 0.07705227]
[0.13934969 0.14219199 0.         0.07342119 0.         0.25637084
 0.13510314 0.11482264 0.07624577]
[0.         0.02589609 0.         0.08109501 0.         0.1575151
 0.04002922 0.0497088  0.58326027]
[0.         0.04496678 0.         0.08743932 0.         0.63137488
 0.10096068 0.07276209 0.        ]
[0.         0.06377994 0.         0.60887031 0.         0.
 0.07465825 0.1901945  0.        ]
[0.         0.17820002 0.         0.         0.         0.
 0.29343654 0.46586569 0.        ]
[0.         0.78377328 0.         0.         0.         0.
 0.15372822 0.         0.        ]
[0.         0.         0.         0.         0.         0.
 0.93750075 0.         0.        ]
