[0.01686606 0.01979324 0.10157285 0.02648422 0.63272466 0.03504222
 0.02399373 0.04365722 0.03737256]
[0.09944846 0.04934136 0.21579675 0.07181154 0.         0.11586379
 0.15331334 0.12805128 0.10387949]
[0.         0.10492436 0.27529298 0.14211296 0.         0.07613353
 0.06924586 0.14591768 0.12387788]
[0.         0.11751513 0.         0.14626894 0.         0.21523723
 0.1959323  0.06348047 0.19907041]
[0.         0.08823867 0.         0.30472226 0.         0.14982299
 0.         0.26620932 0.12851052]
[0.         0.22252877 0.         0.         0.         0.38116302
 0.         0.11201434 0.22179688]
[0.         0.25013228 0.         0.         0.         0.
 0.         0.40229251 0.28507746]
[0.         0.         0.         0.         0.         0.
 0.         0.80689944 0.13060206]
[0.         0.         0.         0.         0.         0.
 0.         0.         0.93750075]
