[0.0131904  0.07504326 0.02564514 0.01997403 0.68275396 0.00674129
 0.03940812 0.02685718 0.04789336]
[0.06831056 0.07225002 0.16289433 0.07992223 0.         0.10059102
 0.1953858  0.14154967 0.11660237]
[0.10524594 0.10152126 0.0926619  0.1418914  0.         0.08030284
 0.         0.2652263  0.1506556 ]
[0.14395328 0.24724264 0.16123583 0.07345829 0.         0.1898453
 0.         0.         0.12176916]
[0.16435272 0.         0.18694083 0.16630449 0.         0.26943325
 0.         0.         0.15047246]
[0.36503571 0.         0.12025977 0.28401699 0.         0.
 0.         0.         0.16819052]
[0.59465412 0.         0.12145884 0.         0.         0.
 0.         0.         0.22138929]
[0.         0.         0.28724829 0.         0.         0.
 0.         0.         0.65025321]
[0.         0.         0.93750075 0.         0.         0.
 0.         0.         0.        ]
