[0.03572952 0.03741547 0.1088416  0.03460262 0.40370959 0.04681307
 0.04505    0.16933242 0.05601244]
[0.0822297  0.10225651 0.13503953 0.0788943  0.         0.17231137
 0.1540801  0.10315233 0.10954216]
[0.1122172  0.12356239 0.149282   0.09098811 0.         0.19167117
 0.         0.13664393 0.13314045]
[0.12130281 0.10519458 0.16652021 0.15009109 0.         0.
 0.         0.18702619 0.20736962]
[0.27868928 0.15736823 0.15117472 0.         0.         0.
 0.         0.14700918 0.20326234]
[0.         0.14168533 0.17498683 0.         0.         0.
 0.         0.23433943 0.38649141]
[0.         0.16760419 0.45501667 0.         0.         0.
 0.         0.3148814  0.        ]
[0.         0.41905486 0.51844664 0.         0.         0.
 0.         0.         0.        ]
[0.         0.         0.93750075 0.         0.         0.
 0.         0.         0.        ]
