[0.01632761 0.02731572 0.08030809 0.02199016 0.64779912 0.01468497
 0.02515342 0.08035365 0.02357402]
[0.10458912 0.09511264 0.11356238 0.08597428 0.         0.09422081
 0.14824548 0.18849479 0.10730649]
[0.14435806 0.16500054 0.         0.07853487 0.         0.18351658
 0.15512344 0.1355135  0.07545824]
[0.13920461 0.         0.         0.13686101 0.         0.10266451
 0.13671162 0.34907057 0.07299218]
[0.17686547 0.         0.         0.11972121 0.         0.24780835
 0.27541056 0.         0.11769816]
[0.12433868 0.         0.         0.41128008 0.         0.20386397
 0.         0.         0.19802026]
[0.47868965 0.         0.         0.31604253 0.         0.
 0.         0.         0.14277006]
[0.44342028 0.         0.         0.         0.         0.
 0.         0.         0.49408122]
[0.         0.         0.         0.         0.         0.
 0.         0.         0.93750075]
