[0.0304221  0.03001223 0.08185007 0.03972125 0.59718034 0.02363142
 0.03030058 0.0536213  0.05076745]
[0.07050604 0.13181038 0.31022599 0.10373774 0.         0.07557168
 0.04389037 0.08785352 0.11391028]
[0.10424108 0.23851704 0.         0.13867907 0.         0.13561638
 0.10193928 0.12482382 0.09368858]
[0.14458034 0.         0.         0.14506218 0.         0.11055147
 0.09709464 0.20657461 0.23364126]
[0.17516717 0.         0.         0.14933714 0.         0.23328636
 0.25032542 0.         0.12938766]
[0.28762181 0.         0.         0.28177896 0.         0.
 0.09291129 0.         0.27519093]
[0.27071843 0.         0.         0.         0.         0.
 0.3040883  0.         0.36269551]
[0.46196473 0.         0.         0.         0.         0.
 0.         0.         0.47553677]
[0.         0.         0.         0.         0.         0.
 0.         0.         0.93750075]
