[0.0811378  0.13272094 0.0823488  0.04355011 0.22139192 0.12134667
 0.0932327  0.10979045 0.05198737]
[0.12070844 0.1657913  0.         0.03117562 0.16762564 0.15606721
 0.08534941 0.05250043 0.15828796]
[0.07001108 0.         0.         0.04767359 0.24169634 0.16132995
 0.06136356 0.23838081 0.11704992]
[0.11884191 0.         0.         0.08579755 0.32959266 0.06671119
 0.13062534 0.         0.20593585]
[0.14678064 0.         0.         0.172759   0.14852256 0.39162918
 0.07781237 0.         0.        ]
[0.22007667 0.         0.         0.19325414 0.3006925  0.
 0.22347969 0.         0.        ]
[0.57332115 0.         0.         0.26625035 0.         0.
 0.09793075 0.         0.        ]
[0.         0.         0.         0.60970641 0.         0.
 0.32779509 0.         0.        ]
[0.         0.         0.         0.         0.         0.
 0.93750075 0.         0.        ]
