[0.05028036 0.05348149 0.10269011 0.04089198 0.366364   0.05726257
 0.0805132  0.10941165 0.07661139]
[0.06521824 0.1754432  0.08883019 0.04532426 0.37027362 0.10230996
 0.03707783 0.05302871 0.        ]
[0.09472083 0.13159629 0.28920923 0.08545029 0.         0.09297183
 0.12558046 0.11797633 0.        ]
[0.06029497 0.12436362 0.26032203 0.07974297 0.         0.22183145
 0.19094948 0.         0.        ]
[0.12883842 0.         0.23644549 0.17216187 0.         0.21199049
 0.18806747 0.         0.        ]
[0.16680297 0.         0.23898317 0.         0.         0.2710905
 0.26062636 0.         0.        ]
[0.22540524 0.         0.43469646 0.         0.         0.27740056
 0.         0.         0.        ]
[0.30319454 0.         0.         0.         0.         0.63430696
 0.         0.         0.        ]
[0.93750075 0.         0.         0.         0.         0.
 0.         0.         0.        ]
