[0.02690976 0.036066   0.050635   0.00657466 0.69269603 0.01252847
 0.06706984 0.02220525 0.02282174]
[0.0714506  0.12012339 0.19730155 0.12956852 0.         0.05614434
 0.08217009 0.11309263 0.16765488]
[0.15573329 0.31864549 0.         0.06083341 0.         0.16713864
 0.06431233 0.11093851 0.05990358]
[0.24178574 0.09318743 0.         0.26130048 0.         0.
 0.07049863 0.16235992 0.10837229]
[0.30921345 0.16065955 0.         0.         0.         0.
 0.1966609  0.18352889 0.08744096]
[0.25866184 0.21582307 0.         0.         0.         0.
 0.         0.32371556 0.13930253]
[0.         0.41140622 0.         0.         0.         0.
 0.         0.24396656 0.28212947]
[0.         0.         0.         0.         0.         0.
 0.         0.58832973 0.34917177]
[0.         0.         0.         0.         0.         0.
 0.         0.         0.93750075]
