[0.01385913 0.10735273 0.02774523 0.05319449 0.64928084 0.01620662
 0.01920829 0.0410576  0.00960184]
[0.10206135 0.06526856 0.12746187 0.09909864 0.         0.09410632
 0.14701372 0.19756015 0.10493539]
[0.09497956 0.09719931 0.17112842 0.04307586 0.         0.18413334
 0.         0.25202204 0.09496672]
[0.20928546 0.09635627 0.14899479 0.20565887 0.         0.
 0.         0.10626086 0.17094825]
[0.20948802 0.12465472 0.20035336 0.         0.         0.
 0.         0.20265151 0.20035613]
[0.         0.07607675 0.25466687 0.         0.         0.
 0.         0.11888534 0.48787404]
[0.         0.09256781 0.26742976 0.         0.         0.
 0.         0.57750468 0.        ]
[0.         0.62356257 0.31393893 0.         0.         0.
 0.         0.         0.        ]
[0.         0.         0.93750075 0.         0.         0.
 0.         0.         0.        ]
