[0.12636521 0.10275225 0.10268621 0.10230419 0.13593509 0.04345327
 0.13251032 0.05735702 0.13414317]
[0.09149188 0.06156328 0.28949083 0.06341402 0.         0.09378573
 0.14542406 0.10598318 0.08635301]
[0.1812093  0.11812126 0.         0.04630001 0.         0.2617057
 0.14624919 0.06528416 0.11863564]
[0.         0.01495195 0.         0.11904603 0.         0.03888452
 0.15074975 0.05299287 0.56087939]
[0.         0.10151468 0.         0.02863374 0.         0.65608676
 0.06062475 0.09064381 0.        ]
[0.         0.07582483 0.         0.68738183 0.         0.
 0.05841536 0.11588098 0.        ]
[0.         0.04671281 0.         0.         0.         0.
 0.39302171 0.49776772 0.        ]
[0.         0.42986895 0.         0.         0.         0.
 0.         0.50763255 0.        ]
[0.         0.93750075 0.         0.         0.         0.
 0.         0.         0.        ]
