[0.03664531 0.02814909 0.05670273 0.01972895 0.58970298 0.04227732
 0.02256436 0.06245479 0.07928123]
[0.07800929 0.09413623 0.24160432 0.1470863  0.         0.03880043
 0.16046744 0.08653045 0.09087154]
[0.16984917 0.19198466 0.         0.076553   0.         0.12313092
 0.11212386 0.11322161 0.15064203]
[0.06862982 0.04899407 0.         0.42984935 0.         0.
 0.08285997 0.19608845 0.11108285]
[0.33220423 0.20534412 0.         0.         0.         0.
 0.12444464 0.13700756 0.1385032 ]
[0.08407087 0.         0.         0.         0.         0.
 0.07774774 0.70457373 0.07111066]
[0.44453461 0.         0.         0.         0.         0.
 0.26386655 0.         0.22910109]
[0.         0.         0.         0.         0.         0.
 0.19459617 0.         0.74290533]
[0.         0.         0.         0.         0.         0.
 0.93750075 0.         0.        ]
