[0.01022433 0.02535513 0.05910886 0.04315972 0.64590277 0.03618644
 0.04984751 0.04805233 0.01966965]
[0.0807561  0.1534051  0.20732001 0.1215132  0.         0.12443126
 0.06101074 0.1089818  0.08008778]
[0.09763879 0.18244749 0.         0.1416754  0.         0.13221102
 0.0996712  0.19687022 0.08699113]
[0.13496091 0.16835128 0.         0.         0.         0.23270768
 0.10205349 0.13852077 0.16091037]
[0.18811408 0.21490782 0.         0.         0.         0.
 0.1343985  0.25137669 0.14870666]
[0.35518068 0.15011385 0.         0.         0.         0.
 0.15299773 0.27921073 0.        ]
[0.         0.25448629 0.         0.         0.         0.
 0.30712244 0.37589352 0.        ]
[0.        0.        0.        0.        0.        0.        0.3751246
 0.5623769 0.       ]
[0.         0.         0.         0.         0.         0.
 0.93750075 0.         0.        ]
