[0.03575822 0.03412181 0.0366547  0.01359124 0.63064378 0.0316627
 0.05253574 0.07792599 0.02461256]
[0.05716905 0.07001651 0.24703826 0.08786594 0.         0.03972519
 0.16581296 0.13714231 0.13273578]
[0.16408539 0.06845149 0.08712787 0.0320223  0.         0.34844612
 0.12415173 0.11322035 0.        ]
[0.09516461 0.09454778 0.37085747 0.13065027 0.         0.09027316
 0.         0.15601121 0.        ]
[0.1015178  0.07735641 0.         0.08714449 0.         0.55577596
 0.         0.11570909 0.        ]
[0.1385589  0.13554027 0.         0.4643866  0.         0.
 0.         0.19901722 0.        ]
[0.31201737 0.1563134  0.         0.         0.         0.
 0.         0.46917148 0.        ]
[0.10494475 0.         0.         0.         0.         0.
 0.         0.83255675 0.        ]
[0.93750075 0.         0.         0.         0.         0.
 0.         0.         0.        ]
