[0.0669718  0.06106267 0.04220002 0.01221917 0.59590152 0.01971494
 0.02129063 0.10063409 0.01751193]
[0.05053383 0.05303687 0.1500784  0.13031779 0.         0.08569178
 0.19456129 0.12557441 0.14771163]
[0.10528537 0.11776975 0.10085778 0.08006618 0.         0.11981905
 0.         0.34075801 0.07294912]
[0.11627782 0.42430096 0.1339947  0.07363369 0.         0.12020335
 0.         0.         0.06909399]
[0.29110598 0.         0.09799083 0.21555898 0.         0.21169118
 0.         0.         0.12115679]
[0.27842346 0.         0.12498922 0.39337059 0.         0.
 0.         0.         0.14071973]
[0.57642384 0.         0.21717363 0.         0.         0.
 0.         0.         0.14390478]
[0.         0.         0.26831145 0.         0.         0.
 0.         0.         0.66919005]
[0.         0.         0.93750075 0.         0.         0.
 0.         0.         0.        ]
