[0.02958879 0.04238518 0.05343819 0.09729472 0.53953315 0.02040409
 0.04925597 0.06764699 0.03795967]
[0.06689058 0.1043068  0.27051538 0.09084607 0.         0.07482752
 0.12402858 0.10872432 0.09736675]
[0.123302   0.21462554 0.         0.08799828 0.         0.12063932
 0.14503813 0.1362156  0.10968637]
[0.03881945 0.         0.         0.04678139 0.         0.09045683
 0.07349677 0.56714313 0.12080692]
[0.17110745 0.         0.         0.12788498 0.         0.33618999
 0.16617122 0.         0.13615012]
[0.         0.         0.         0.09192752 0.         0.03557315
 0.10793272 0.         0.70206962]
[0.         0.         0.         0.23427331 0.         0.43334034
 0.2698886  0.         0.        ]
[0.         0.         0.         0.60460703 0.         0.
 0.33289447 0.         0.        ]
[0.         0.         0.         0.         0.         0.
 0.93750075 0.         0.        ]
