[0.01544664 0.03350468 0.04491814 0.0114206  0.67243121 0.04681507
 0.02674966 0.02773154 0.05848921]
[0.10065519 0.11195439 0.20874688 0.11928821 0.         0.06659457
 0.06695688 0.14565255 0.11765733]
[0.12621778 0.29349504 0.         0.06971379 0.         0.14312221
 0.14086357 0.11804673 0.04604613]
[0.15835563 0.19751437 0.         0.17728279 0.         0.12756999
 0.         0.18205199 0.09472973]
[0.         0.25172669 0.         0.16405245 0.         0.18008034
 0.         0.11797405 0.22367022]
[0.         0.         0.         0.14850974 0.         0.26979223
 0.         0.27738735 0.24181368]
[0.         0.         0.         0.29332423 0.         0.21858132
 0.         0.         0.42559671]
[0.         0.         0.         0.52883517 0.         0.
 0.         0.         0.40866633]
[0.         0.         0.         0.         0.         0.
 0.         0.         0.93750075]
