[0.02737732 0.0345322  0.05515381 0.03296913 0.61698995 0.03277026
 0.04414958 0.03973127 0.05383323]
[0.11575774 0.086902   0.25612593 0.07587748 0.         0.09939754
 0.09751008 0.13300744 0.07292778]
[0.         0.09356069 0.22769484 0.20972924 0.         0.06594041
 0.10816943 0.11692759 0.11548305]
[0.         0.14436525 0.10644743 0.         0.         0.34154791
 0.13459418 0.13822079 0.07232893]
[0.         0.12166367 0.32146956 0.         0.         0.
 0.09907295 0.23912923 0.15616834]
[0.         0.16330425 0.         0.         0.         0.
 0.26280851 0.27384248 0.23754777]
[0.         0.32879355 0.         0.         0.         0.
 0.         0.21075571 0.39795299]
[0.         0.         0.         0.         0.         0.
 0.         0.83789864 0.09960286]
[0.         0.         0.         0.         0.         0.
 0.         0.         0.93750075]
