[0.173719   0.12841514 0.10073067 0.05472204 0.17524442 0.09553995
 0.07007594 0.06124482 0.07781478]
[0.11743852 0.11898346 0.20355029 0.04692298 0.         0.1357664
 0.09264123 0.12401597 0.09818716]
[0.1383521  0.08820249 0.         0.02681421 0.         0.41692558
 0.06492853 0.11619484 0.08608751]
[0.05027486 0.14310833 0.         0.59759482 0.         0.
 0.07600411 0.03094748 0.03957491]
[0.20086269 0.23302106 0.         0.         0.         0.
 0.17954713 0.15170818 0.17236469]
[0.13775535 0.         0.         0.         0.         0.
 0.14651521 0.54021365 0.11301879]
[0.35310526 0.         0.         0.         0.         0.
 0.37031389 0.         0.2140831 ]
[0.         0.         0.         0.         0.         0.
 0.15283758 0.         0.78466392]
[0.         0.         0.         0.         0.         0.
 0.93750075 0.         0.        ]
