[0.017727   0.01965149 0.0628187  0.04203652 0.66461393 0.04605059
 0.04105065 0.02188814 0.02166973]
[0.05967941 0.05903286 0.11949858 0.07975276 0.         0.14146111
 0.17871563 0.17153922 0.12782644]
[0.07235575 0.05479657 0.1820576  0.10296225 0.         0.17675085
 0.         0.24472081 0.10386143]
[0.16368538 0.27482922 0.11159664 0.11634032 0.         0.18925355
 0.         0.         0.08179938]
[0.24524945 0.         0.18150941 0.18289154 0.         0.22076391
 0.         0.         0.10708944]
[0.         0.         0.25226798 0.13127518 0.         0.05753112
 0.         0.         0.49642872]
[0.         0.         0.24321151 0.25194376 0.         0.44234699
 0.         0.         0.        ]
[0.         0.         0.54147409 0.         0.         0.39602741
 0.         0.         0.        ]
[0.         0.         0.93750075 0.         0.         0.
 0.         0.         0.        ]
