[0.06268208 0.04529442 0.03276705 0.05866555 0.64413142 0.00695507
 0.03143719 0.01763078 0.03794319]
[0.08553646 0.04523122 0.18517295 0.06935154 0.         0.06844612
 0.16422812 0.18138344 0.13815615]
[0.089547   0.06859977 0.1741823  0.07610396 0.         0.13985882
 0.         0.29534078 0.09387264]
[0.08959166 0.41861294 0.114657   0.04589806 0.         0.20742731
 0.         0.         0.06131755]
[0.14735549 0.         0.21452221 0.14710165 0.         0.32349137
 0.         0.         0.10503303]
[0.1900696  0.         0.14377257 0.43956444 0.         0.
 0.         0.         0.16409639]
[0.71171035 0.         0.1082928  0.         0.         0.
 0.         0.         0.1174991 ]
[0.         0.         0.24285188 0.         0.         0.
 0.         0.         0.69464962]
[0.         0.         0.93750075 0.         0.         0.
 0.         0.         0.        ]
