[0.12236872 0.132495   0.08835092 0.05038491 0.17141009 0.12260349
 0.07878955 0.08242382 0.08868025]
[0.04203039 0.05406688 0.09772881 0.02824175 0.40370947 0.10604409
 0.         0.09474126 0.11094335]
[0.12195439 0.11258399 0.18012163 0.09401614 0.         0.23626881
 0.         0.04384996 0.14871035]
[0.1641541  0.0934338  0.17848476 0.09602704 0.         0.
 0.         0.22483501 0.18056978]
[0.13830031 0.44524424 0.17609791 0.07534121 0.         0.
 0.         0.         0.10252008]
[0.26168492 0.         0.19800135 0.32705764 0.         0.
 0.         0.         0.15075909]
[0.         0.         0.05782815 0.18427153 0.         0.
 0.         0.         0.69540257]
[0.         0.         0.63477133 0.30273017 0.         0.
 0.         0.         0.        ]
[0.         0.         0.         0.93750075 0.         0.
 0.         0.         0.        ]
