[0.03875301 0.03461089 0.03289426 0.02468535 0.64827294 0.05381904
 0.02836313 0.02274764 0.05336049]
[0.05480816 0.05765893 0.2443431  0.07501446 0.         0.0426259
 0.18865334 0.13231349 0.14208862]
[0.15469476 0.11941633 0.         0.03206134 0.         0.32498942
 0.12481391 0.08703811 0.09449137]
[0.11721545 0.08142265 0.         0.43360259 0.         0.
 0.11126526 0.06490014 0.1290984 ]
[0.25882676 0.19173728 0.         0.         0.         0.
 0.17618565 0.16789624 0.14285782]
[0.         0.118658   0.         0.         0.         0.
 0.12722914 0.08461669 0.60699917]
[0.         0.14716053 0.         0.         0.         0.
 0.39649182 0.3938499  0.        ]
[0.         0.68140639 0.         0.         0.         0.
 0.25609511 0.         0.        ]
[0.         0.         0.         0.         0.         0.
 0.93750075 0.         0.        ]
