[0.01402542 0.03268801 0.04490975 0.09451137 0.64526807 0.01569409
 0.03978136 0.02051419 0.03011449]
[0.10586616 0.06331444 0.12859343 0.06946066 0.         0.17972811
 0.18498068 0.13743885 0.06812366]
[0.10927117 0.10682335 0.         0.06202752 0.         0.20402902
 0.18447799 0.17195866 0.09891755]
[0.23670835 0.10448086 0.         0.13507658 0.         0.17814223
 0.10073185 0.18236463 0.        ]
[0.         0.15426924 0.         0.15676369 0.         0.28229664
 0.20912962 0.13504456 0.        ]
[0.         0.         0.         0.2743731  0.         0.21750016
 0.14120568 0.30442406 0.        ]
[0.         0.         0.         0.         0.         0.31040918
 0.39393537 0.2331577  0.        ]
