[0.01906294 0.01489285 0.03880557 0.0143191  0.7257872  0.01268809
 0.03094852 0.02028829 0.06071418]
[0.08275973 0.08489441 0.12182587 0.0776976  0.         0.11096869
 0.16449461 0.22862447 0.06624063]
[0.08194215 0.14832613 0.16324304 0.12577021 0.         0.16363993
 0.10844028 0.         0.14614351]
[0.06703173 0.11937758 0.         0.15652149 0.         0.17453946
 0.22069138 0.         0.19934285]
[0.12176237 0.09322843 0.         0.11590491 0.         0.11880495
 0.         0.         0.48780308]
[0.38403629 0.16470891 0.         0.16658321 0.         0.2221746
 0.         0.         0.        ]
[0.46449475 0.21427479 0.         0.2587327  0.         0.
 0.         0.         0.        ]
