[0.01702545 0.01753129 0.07285724 0.01600042 0.64666719 0.01470441
 0.01933735 0.07900916 0.05437423]
[0.108428   0.16457883 0.20041792 0.11727025 0.         0.09536259
 0.10467255 0.08492832 0.06184755]
[0.09607586 0.15933578 0.         0.09778125 0.         0.21115006
 0.09597253 0.17618871 0.10100106]
[0.12150401 0.         0.         0.18028121 0.         0.19876346
 0.16260097 0.10090856 0.17344629]
[0.10681964 0.         0.         0.11462309 0.         0.1815596
 0.26338391 0.2711175  0.        ]
[0.26381661 0.         0.         0.21259637 0.         0.
 0.21494219 0.24614783 0.        ]
[0.18361787 0.         0.         0.4329788  0.         0.
 0.         0.32090557 0.        ]
