[0.07113915 0.05214017 0.06154877 0.02285877 0.55411327 0.02152063
 0.03673675 0.02958816 0.08786108]
[0.08122952 0.07946784 0.25743597 0.0710165  0.         0.03617461
 0.09884655 0.20647424 0.10686077]
[0.11684621 0.11130886 0.         0.05246717 0.         0.19480977
 0.16654448 0.16742587 0.12810289]
[0.19341381 0.06700936 0.         0.48823669 0.         0.
 0.07745179 0.0404767  0.07091614]
[0.25524067 0.14331805 0.         0.         0.         0.
 0.25031519 0.22006945 0.06856039]
[0.10219042 0.54827777 0.         0.         0.         0.
 0.19784597 0.         0.08918884]
[0.36540244 0.50215866 0.         0.         0.         0.
 0.         0.         0.06994115]
