[0.02998513 0.01841562 0.04860177 0.06458353 0.6543689  0.02999222
 0.03086532 0.03657315 0.02412111]
[0.12513071 0.09742026 0.24655046 0.08113157 0.         0.08985769
 0.08083397 0.12674645 0.08983489]
[0.10657102 0.27799761 0.         0.05405958 0.         0.18091043
 0.19781225 0.06825454 0.05189983]
[0.08889788 0.         0.         0.15625045 0.         0.12123213
 0.1172898  0.28957284 0.1642614 ]
[0.         0.         0.         0.16562938 0.         0.3468051
 0.16777968 0.13951479 0.1177748 ]
[0.         0.         0.         0.23214264 0.         0.
 0.13608281 0.28032925 0.2889483 ]
[0.         0.         0.         0.57850256 0.         0.
 0.18715434 0.         0.17184535]
