[0.06735019 0.02230941 0.12067988 0.01582416 0.59450786 0.00859035
 0.05572896 0.02551399 0.02700196]
[0.07746633 0.04900912 0.17609037 0.12546958 0.         0.07522412
 0.18503908 0.14454564 0.10466176]
[0.10955017 0.15643968 0.2246244  0.08220169 0.         0.16407733
 0.09860952 0.         0.10200246]
[0.03166849 0.16137006 0.         0.12966676 0.         0.06231468
 0.3842404  0.         0.16824411]
[0.11803292 0.07901051 0.         0.15920198 0.         0.04161425
 0.         0.         0.53964408]
[0.28943881 0.31108305 0.         0.2029417  0.         0.13403945
 0.         0.         0.        ]
[0.         0.23200329 0.         0.36445106 0.         0.34104789
 0.         0.         0.        ]
