[0.10583322 0.10275273 0.09548313 0.07658344 0.18315507 0.06568698
 0.08177294 0.11868347 0.10755577]
[0.0605614  0.0785778  0.11282662 0.05589092 0.31935837 0.04798982
 0.         0.12481063 0.13749044]
[0.18448835 0.24340923 0.08466488 0.06296031 0.19533186 0.11098085
 0.         0.         0.05566977]
[0.         0.12532429 0.10504912 0.15900191 0.37475293 0.05843905
 0.         0.         0.1149372 ]
[0.         0.31805375 0.13218988 0.         0.20240371 0.176198
 0.         0.         0.10865841]
[0.         0.         0.41642195 0.         0.19407011 0.20433398
 0.         0.         0.12267697]
[0.         0.         0.31523216 0.         0.48107418 0.
 0.         0.         0.14119592]
[0.         0.         0.42138794 0.         0.         0.
 0.         0.         0.51611356]
[0.         0.         0.93750075 0.         0.         0.
 0.         0.         0.        ]
