[0.01386718 0.00969329 0.04890947 0.01053124 0.66921781 0.0133565
 0.06077061 0.09061206 0.0205486 ]
[0.08732658 0.16203663 0.1079747  0.11042597 0.         0.2076881
 0.08571078 0.12480877 0.05153447]
[0.09411875 0.         0.25243537 0.11605747 0.         0.11885172
 0.10710312 0.14018036 0.10875846]
[0.1336792  0.         0.         0.11927238 0.         0.27080941
 0.13379268 0.16660895 0.11334189]
[0.16992061 0.         0.         0.14264678 0.         0.29017185
 0.23447327 0.         0.10029125]
[0.22911281 0.         0.         0.         0.         0.41993163
 0.14762837 0.         0.14083019]
[0.48107185 0.         0.         0.         0.         0.
 0.33191818 0.         0.12451222]
