[0.05523204 0.05598934 0.07309136 0.03505076 0.36888133 0.05458567
 0.14734835 0.08233195 0.06499594]
[0.10315304 0.08331407 0.31194665 0.09722563 0.         0.07287505
 0.08507851 0.1051961  0.07871696]
[0.         0.12256315 0.20718484 0.12437929 0.         0.18909824
 0.05815604 0.13019002 0.10593367]
[0.         0.09292478 0.         0.13947429 0.         0.26443841
 0.18507498 0.10122446 0.15436758]
[0.         0.07632658 0.         0.08577282 0.         0.27628312
 0.35642867 0.14269257 0.        ]
