[0.12226075 0.11619103 0.0947195  0.05479232 0.18440785 0.10468833
 0.06718389 0.10132468 0.09193841]
[0.14099989 0.10980191 0.28949028 0.08189885 0.         0.08971635
 0.07280055 0.07834185 0.07445631]
[0.14168893 0.12175009 0.         0.04191833 0.         0.28919154
 0.08284189 0.06021279 0.19990168]
[0.1424362  0.11781955 0.         0.41922916 0.         0.
 0.09584913 0.08019469 0.08197577]
[0.17903883 0.25567793 0.         0.23703788 0.         0.
 0.         0.19993564 0.06581347]
[0.12828031 0.52792799 0.         0.12906185 0.         0.
 0.         0.         0.15223285]
[0.29010991 0.35816759 0.         0.28922475 0.         0.
 0.         0.         0.        ]
