[0.08628957 0.08754298 0.10390464 0.09719638 0.14109728 0.09296219
 0.1054327  0.1432896  0.0797914 ]
[0.06733451 0.09847948 0.11439916 0.07120528 0.         0.1577431
 0.19882704 0.12774411 0.10177333]
[0.115695   0.12522101 0.10838365 0.12561644 0.         0.12515466
 0.23068074 0.         0.10675375]
[0.11549751 0.07956151 0.         0.2569351  0.         0.15403488
 0.15412735 0.         0.17734815]
[0.14966558 0.15663261 0.         0.         0.         0.26346254
 0.20706077 0.         0.16068224]
[0.14617971 0.09018301 0.         0.         0.         0.
 0.29478803 0.         0.40635225]
[0.27734387 0.21493973 0.         0.         0.         0.
 0.44521865 0.         0.        ]
