[0.04287225 0.01342388 0.05981054 0.01644522 0.66151032 0.01280256
 0.01682528 0.05169191 0.0621248 ]
[0.10249343 0.06517403 0.10523588 0.07635586 0.         0.07036705
 0.22592473 0.14678254 0.14517248]
[0.12731005 0.17868118 0.         0.08478827 0.         0.16249227
 0.14977346 0.11232344 0.12213657]
[0.26563372 0.10454963 0.         0.14744849 0.         0.14788321
 0.10632871 0.16566073 0.        ]
[0.20110501 0.28719875 0.         0.14075606 0.         0.1356523
 0.17279162 0.         0.        ]
[0.21866795 0.         0.         0.31957806 0.         0.1580654
 0.24119159 0.         0.        ]
[0.41456423 0.         0.         0.3478735  0.         0.17506452
 0.         0.         0.        ]
[0.51824624 0.         0.         0.         0.         0.41925526
 0.         0.         0.        ]
[0.93750075 0.         0.         0.         0.         0.
 0.         0.         0.        ]
