[0.0116167  0.02077952 0.08281794 0.0214924  0.65994035 0.02641872
 0.06060284 0.02256818 0.0312701 ]
[0.0640403  0.13398509 0.22203737 0.10362664 0.         0.09910479
 0.11053472 0.10892007 0.09525703]
[0.117155   0.1754213  0.28927327 0.         0.         0.131088
 0.08050409 0.05560017 0.08846342]
[0.0711539  0.21839577 0.         0.         0.         0.17678508
 0.16020036 0.17300333 0.13796605]
[0.20928636 0.         0.         0.         0.         0.23715184
 0.11152448 0.14177268 0.23776839]
