[0.01055675 0.0543148  0.10190475 0.01800532 0.6128617  0.03994318
 0.02485048 0.05370172 0.02136803]
[0.06419042 0.16675982 0.33532854 0.08271896 0.         0.07227509
 0.05144037 0.08524829 0.07954452]
[0.0951296  0.12534341 0.2591521  0.         0.         0.15773899
 0.10680793 0.09663526 0.09669796]
[0.08866232 0.16991456 0.         0.         0.         0.18436639
 0.14704389 0.20391921 0.14359814]
[0.18297272 0.         0.         0.         0.         0.24765818
 0.1238094  0.12266717 0.26039629]
