[0.05949245 0.0789429  0.08935823 0.07933348 0.23154019 0.09523479
 0.08110132 0.12019802 0.10230537]
[0.08392435 0.1898466  0.08628337 0.06870042 0.         0.15425929
 0.16896652 0.09368189 0.09184356]
[0.09943688 0.11645608 0.15323169 0.10916484 0.         0.
 0.18076064 0.09735334 0.18110179]
[0.06387039 0.         0.15433964 0.08967774 0.         0.
 0.2767933  0.14799783 0.2048256 ]
[0.10560847 0.         0.22286006 0.23045934 0.         0.
 0.         0.11779803 0.26077784]
[0.         0.         0.13701681 0.14483543 0.         0.
 0.         0.15393855 0.50171221]
[0.         0.         0.31697682 0.         0.         0.
 0.         0.16915984 0.45136559]
