[0.01206211 0.05340477 0.02293384 0.04860116 0.65853224 0.06551759
 0.02773327 0.01989817 0.02882358]
[0.12944582 0.04844306 0.10930284 0.09790548 0.         0.08566264
 0.19821387 0.16159976 0.10693254]
[0.19685733 0.12272983 0.12912782 0.07534284 0.         0.15013541
 0.14048788 0.         0.12282415]
[0.0546534  0.1336442  0.         0.15756267 0.         0.09839863
 0.27936679 0.         0.21387882]
[0.10753205 0.04112401 0.         0.10151818 0.         0.17983659
 0.         0.         0.50749291]
[0.22422793 0.27305936 0.         0.18663239 0.         0.25358333
 0.         0.         0.        ]
[0.39279668 0.16418222 0.         0.38052335 0.         0.
 0.         0.         0.        ]
