[0.0317485  0.06886325 0.10516029 0.03914186 0.36329    0.10520142
 0.05916351 0.11716572 0.04777219]
[0.0847528  0.15577331 0.09753397 0.16363393 0.         0.15377672
 0.10951908 0.10558118 0.06693502]
[0.09554677 0.14652235 0.10731629 0.17406359 0.         0.14412777
 0.17031692 0.         0.09961156]
[0.12406089 0.11768002 0.         0.20082682 0.         0.18493316
 0.16614224 0.         0.14386137]
[0.11509835 0.21908195 0.         0.21693206 0.         0.24629252
 0.         0.         0.14009887]
[0.29008824 0.20243609 0.         0.21825577 0.         0.22672289
 0.         0.         0.        ]
[0.         0.33262823 0.         0.20370743 0.         0.40116659
 0.         0.         0.        ]
