[0.02203766 0.0155736  0.06727573 0.04077407 0.63759284 0.05534672
 0.02664389 0.03180174 0.0404605 ]
[0.05962649 0.06623199 0.1962564  0.17777556 0.         0.05818056
 0.17606678 0.11617986 0.08718836]
[0.12988326 0.13897695 0.         0.08026661 0.         0.24642319
 0.11501654 0.1049518  0.12198689]
[0.08568583 0.45684016 0.         0.08051255 0.         0.12686271
 0.1201364  0.         0.06746685]
[0.37893808 0.         0.         0.15621521 0.         0.23106305
 0.11485576 0.         0.05643164]
[0.         0.         0.         0.27826322 0.         0.33010391
 0.08671783 0.         0.24241805]
[0.         0.         0.         0.         0.         0.36269266
 0.37393976 0.         0.20086982]
