[0.07004497 0.01992778 0.04684402 0.03263807 0.59399915 0.03173347
 0.02736163 0.04330871 0.07164896]
[0.06316116 0.05781243 0.17690425 0.06986135 0.         0.05805923
 0.15973425 0.20215997 0.14981336]
[0.10731596 0.10096474 0.10635238 0.02310223 0.         0.39149763
 0.09180598 0.11646633 0.        ]
[0.05309866 0.10669477 0.17799171 0.47663614 0.         0.
 0.05460095 0.06848227 0.        ]
[0.16021505 0.24506017 0.         0.16856865 0.         0.
 0.19367725 0.16998263 0.        ]
[0.11239048 0.         0.         0.25660983 0.         0.
 0.21814085 0.35036184 0.        ]
[0.21933149 0.         0.         0.49735622 0.         0.
 0.22081454 0.         0.        ]
