[0.06976101 0.02875535 0.05829544 0.01633309 0.65718237 0.02138225
 0.02316838 0.0311335  0.03149536]
[0.06811453 0.0703706  0.09881339 0.0900275  0.         0.11014975
 0.21537254 0.16571761 0.11894009]
[0.17795594 0.         0.14151152 0.09496175 0.         0.17011498
 0.10256563 0.0956159  0.15477953]
[0.26491948 0.         0.10479493 0.12291539 0.         0.15063419
 0.16542059 0.12881992 0.        ]
[0.         0.         0.29681499 0.26242876 0.         0.09289343
 0.06353268 0.22183388 0.        ]
[0.         0.         0.         0.23856958 0.         0.30122798
 0.20180137 0.19590406 0.        ]
[0.         0.         0.         0.45512784 0.         0.27706372
 0.         0.20531069 0.        ]
