[0.04293864 0.00920564 0.03772349 0.01749636 0.6859618  0.02404484
 0.01477855 0.03213508 0.07322235]
[0.10370328 0.16344122 0.12681008 0.11214827 0.         0.11371907
 0.13023182 0.11615883 0.07129342]
[0.09326303 0.07695418 0.25480462 0.         0.         0.13872623
 0.16843677 0.11930528 0.08601514]
[0.1150317  0.         0.27008372 0.         0.         0.19528281
 0.08562976 0.14445143 0.12702507]
[0.         0.         0.23535154 0.         0.         0.10386772
 0.24336202 0.25731238 0.09761009]
