[0.11734221 0.06316883 0.08257092 0.14012934 0.14913151 0.09914054
 0.11414576 0.10511568 0.06676195]
[0.07399646 0.06316883 0.10722502 0.09966733 0.         0.13946846
 0.21977647 0.13980415 0.09439928]
[0.12024898 0.11086027 0.11220603 0.13293175 0.         0.15854578
 0.16236309 0.         0.14034935]
[0.24503796 0.06075294 0.12963827 0.27620065 0.         0.
 0.13291326 0.         0.09296142]
[0.19776797 0.12519041 0.14836347 0.         0.         0.
 0.20401593 0.         0.26216595]
[0.3205032  0.16727427 0.         0.         0.         0.
 0.21736466 0.         0.23236087]
[0.25273184 0.15506097 0.         0.         0.         0.
 0.         0.         0.52970944]
