[0.12986938 0.06622269 0.08366738 0.0957393  0.11104893 0.07609328
 0.1216848  0.13298322 0.12019778]
[0.07992019 0.08183758 0.10916253 0.12365428 0.1341068  0.16135813
 0.13248064 0.11498585 0.        ]
[0.10485986 0.07097332 0.19340321 0.18007229 0.1417054  0.10206434
 0.14442682 0.         0.        ]
[0.12319206 0.07413634 0.         0.16758134 0.22166017 0.15885216
 0.19208242 0.         0.        ]
[0.13509935 0.11809984 0.         0.20771987 0.26469166 0.21189302
 0.         0.         0.        ]
