[0.03082925 0.02547018 0.03735816 0.04632821 0.60586958 0.03915442
 0.02577897 0.03500718 0.09171079]
[0.07963211 0.07596432 0.07863863 0.11571132 0.         0.0980449
 0.20720286 0.17463813 0.10767374]
[0.09952645 0.09060948 0.17413194 0.         0.         0.3201081
 0.10500208 0.08341288 0.06471433]
[0.1189073  0.23631424 0.12048755 0.         0.         0.18279902
 0.         0.19579578 0.08320061]
[0.         0.21093488 0.1005305  0.         0.         0.47486969
 0.         0.0525313  0.09863738]
