[0.01250445 0.01231455 0.05473413 0.0068353  0.65865959 0.07983977
 0.02448753 0.07667409 0.01145733]
[0.06445277 0.05574009 0.22641241 0.08976955 0.         0.06735547
 0.06754247 0.20542339 0.16080985]
[0.10179238 0.         0.22834396 0.08990614 0.         0.14113482
 0.09307356 0.07533337 0.20792102]
[0.20466411 0.         0.2049295  0.13873401 0.         0.08591105
 0.21895277 0.08431305 0.        ]
[0.         0.         0.36637279 0.15878427 0.         0.10607022
 0.16611404 0.14016243 0.        ]
[0.         0.         0.         0.31504952 0.         0.1850625
 0.24385614 0.19353485 0.        ]
[0.         0.         0.         0.         0.         0.1577666
 0.46348209 0.31625356 0.        ]
