[0.09540166 0.06324646 0.07795658 0.09179523 0.12572821 0.09040779
 0.1424685  0.14980934 0.10069299]
[0.16296385 0.08367253 0.         0.09158652 0.17901144 0.13926455
 0.11438206 0.10303691 0.06358815]
[0.         0.06396845 0.         0.12309346 0.16930372 0.13290423
 0.18658335 0.07491992 0.18673212]
[0.         0.13256764 0.         0.13041876 0.23905082 0.16570396
 0.1697603  0.         0.10000301]
[0.         0.11096703 0.         0.29304526 0.         0.1307819
 0.21815787 0.         0.18455169]
[0.         0.13319487 0.         0.16130258 0.         0.22893578
 0.41406977 0.         0.        ]
[0.         0.14714182 0.         0.41043246 0.         0.37992797
 0.         0.         0.        ]
