[0.06159201 0.03879758 0.07590994 0.02474611 0.57778387 0.02689177
 0.04020479 0.04070452 0.05087615]
[0.05456632 0.08774289 0.15818734 0.09355661 0.         0.07211369
 0.21531611 0.12195778 0.13406525]
[0.11069669 0.09905308 0.06558726 0.03752    0.         0.35052812
 0.09656115 0.17755894 0.        ]
[0.07246822 0.04598518 0.25891117 0.40045913 0.         0.
 0.03893721 0.12074359 0.        ]
[0.13697069 0.11725801 0.15543834 0.         0.         0.
 0.28637371 0.241463   0.        ]
[0.20391779 0.3373014  0.13870861 0.         0.         0.
 0.2575752  0.         0.        ]
[0.33200512 0.         0.38432836 0.         0.         0.
 0.22116877 0.         0.        ]
[0.5002091 0.        0.        0.        0.        0.        0.4372924
 0.        0.       ]
[0.         0.         0.         0.         0.         0.
 0.93750075 0.         0.        ]
