[0.02137518 0.03967475 0.04215916 0.02111234 0.65039603 0.0588417
 0.0207428  0.0375867  0.0456181 ]
[0.07127656 0.0645655  0.10582184 0.14397314 0.         0.12004564
 0.19021217 0.15073278 0.09087838]
[0.15860497 0.188069   0.         0.07313741 0.         0.17719799
 0.14517461 0.12223048 0.07309078]
[0.19977165 0.10087185 0.         0.17995626 0.         0.17600539
 0.         0.15839945 0.12249989]
[0.         0.15949453 0.         0.17003979 0.         0.2458362
 0.         0.15172496 0.21040827]
[0.         0.         0.         0.1568292  0.         0.17988913
 0.         0.35117521 0.24960946]
[0.         0.         0.         0.32850152 0.         0.37774723
 0.         0.2312535  0.        ]
