[0.02925834 0.02261098 0.03288168 0.02498047 0.65273648 0.02315953
 0.10070939 0.02762142 0.02354846]
[0.08751703 0.05563025 0.17787032 0.08056684 0.         0.04541966
 0.14987033 0.13883511 0.20179646]
[0.12263551 0.13918347 0.         0.03949194 0.         0.3501398
 0.11940051 0.08018409 0.08646993]
[0.32494688 0.10762873 0.         0.18029731 0.         0.17286965
 0.06721907 0.08454285 0.        ]
[0.         0.31407903 0.         0.15107429 0.         0.19351497
 0.16292907 0.11590639 0.        ]
[0.         0.         0.         0.22618596 0.         0.2237358
 0.14098451 0.34659673 0.        ]
[0.         0.         0.         0.         0.         0.15072143
 0.42113111 0.36564971 0.        ]
