[0.03301574 0.04678671 0.031557   0.01713338 0.67249875 0.01485452
 0.03114428 0.05622416 0.03429222]
[0.08611274 0.05430392 0.1282586  0.14396189 0.         0.08255098
 0.15736849 0.17212448 0.11282489]
[0.12153141 0.0817203  0.11610771 0.11054381 0.         0.07398734
 0.         0.30723569 0.12637899]
[0.11273811 0.27771341 0.1684465  0.16278772 0.         0.15209352
 0.         0.         0.06372524]
[0.32035087 0.35611621 0.         0.10658116 0.         0.13347804
 0.         0.         0.02097747]
