[0.02456348 0.04145228 0.03852378 0.00830775 0.68848593 0.00997586
 0.02286101 0.06523384 0.03810281]
[0.08445821 0.0470525  0.26072814 0.08220063 0.         0.06168394
 0.14280727 0.1657621  0.0928132 ]
[0.09319041 0.07780872 0.25846327 0.10969009 0.         0.14461346
 0.         0.12845116 0.12528813]
[0.12380581 0.05407909 0.20550528 0.         0.         0.12919638
 0.         0.21089461 0.21402333]
[0.14654687 0.         0.32688162 0.         0.         0.15288219
 0.         0.11213761 0.19905545]
