[0.006574   0.09360914 0.04979532 0.02303684 0.66389487 0.01100014
 0.04219729 0.03831283 0.00908631]
[0.10471436 0.16247559 0.20295439 0.13372486 0.         0.10005811
 0.0860287  0.0861171  0.0614329 ]
[0.16588037 0.1278523  0.         0.09472532 0.         0.19750185
 0.13625736 0.15560392 0.05968414]
[0.23273244 0.         0.         0.12392108 0.         0.1663391
 0.1404918  0.10699526 0.16702481]
[0.0912888  0.         0.         0.12549251 0.         0.
 0.20990136 0.34106816 0.16975293]
