[0.03441721 0.01221844 0.04535782 0.00866213 0.72263756 0.00846983
 0.04345215 0.03328017 0.02901144]
[0.06893702 0.08992895 0.12345952 0.10686738 0.         0.05207729
 0.17860922 0.1998525  0.11777413]
[0.         0.11127928 0.12802283 0.290411   0.         0.07144603
 0.08581357 0.10873597 0.14179656]
[0.         0.09788797 0.08373823 0.         0.         0.22126964
 0.22143609 0.17982834 0.13334423]
[0.         0.20780817 0.         0.         0.         0.18760948
 0.20575866 0.14534588 0.19098156]
