[0.03372845 0.01884012 0.03944705 0.05966382 0.63162492 0.00791121
 0.02678231 0.08784509 0.03166378]
[0.05625134 0.07752357 0.18489338 0.07627591 0.         0.1005103
 0.14969964 0.18181213 0.11053973]
[0.11753914 0.12579446 0.16874576 0.11696081 0.         0.20622803
 0.10906421 0.         0.09317283]
[0.04395622 0.12721631 0.         0.10486475 0.         0.10727641
 0.39750628 0.         0.15668453]
[0.11656825 0.05204412 0.         0.10032778 0.         0.08019178
 0.         0.         0.58837181]
[0.30433505 0.22121906 0.         0.23811442 0.         0.17383447
 0.         0.         0.        ]
[0.         0.20769046 0.         0.35148158 0.         0.37833021
 0.         0.         0.        ]
