[0.11759897 0.07778179 0.07880911 0.1369069  0.14581999 0.09061938
 0.09568778 0.10458959 0.08969324]
[0.14075372 0.11640375 0.         0.09450742 0.17248917 0.14624782
 0.10525974 0.10264461 0.05919976]
[0.11144282 0.0894078  0.         0.         0.17713785 0.14977342
 0.17732695 0.12402442 0.10839198]
[0.09268632 0.10526372 0.         0.         0.32766726 0.19017633
 0.         0.10704786 0.11466302]
[0.16647147 0.13592237 0.         0.         0.         0.28789476
 0.         0.15657556 0.19063959]
[0.27912182 0.23535293 0.         0.         0.         0.
 0.         0.20154324 0.22148501]
[0.         0.26681035 0.         0.         0.         0.
 0.         0.25579207 0.41489983]
