[0.10633168 0.12008096 0.11437899 0.03908877 0.23829071 0.11196278
 0.07019937 0.0513088  0.08586469]
[0.04955447 0.06467285 0.07104494 0.06639458 0.37969118 0.
 0.07089538 0.06210107 0.17315154]
[0.10555529 0.12639969 0.30000624 0.10499339 0.         0.
 0.10437622 0.11191069 0.08426373]
[0.07181719 0.         0.23856235 0.10713994 0.         0.
 0.07075974 0.08692616 0.36229912]
[0.         0.         0.15439817 0.11334965 0.         0.
 0.06214743 0.06316329 0.54444521]
[0.         0.         0.44612801 0.14753777 0.         0.
 0.23371459 0.11012263 0.        ]
[0.         0.         0.         0.55458627 0.         0.
 0.09745556 0.28546041 0.        ]
[0.         0.         0.         0.61536091 0.         0.
 0.         0.32214059 0.        ]
[0.         0.         0.         0.         0.         0.
 0.         0.93750075 0.        ]
