[0.02202213 0.03128895 0.06721313 0.02750187 0.64095907 0.0455062
 0.02119377 0.07441466 0.00740697]
[0.10297107 0.16563382 0.12534664 0.10340542 0.         0.14654617
 0.12224995 0.09595429 0.07539864]
[0.12920624 0.         0.19621669 0.10159934 0.         0.11312896
 0.12171718 0.15458079 0.12105604]
[0.20234019 0.         0.1402686  0.         0.         0.19235515
 0.16701837 0.09281181 0.14271038]
[0.2543079  0.         0.         0.         0.         0.17262864
 0.17315402 0.24722484 0.09018835]
