[0.18399271 0.15658176 0.09421606 0.08913537 0.13232479 0.03228686
 0.10261951 0.03838026 0.10796941]
[0.11473879 0.05525648 0.26929874 0.07756677 0.         0.12073375
 0.09340993 0.09498224 0.1115193 ]
[0.         0.11810387 0.14374778 0.16919602 0.         0.07909368
 0.13153975 0.1153839  0.18044025]
[0.         0.         0.1758197  0.1390052  0.         0.08479942
 0.18584762 0.2954705  0.05656206]
[0.         0.         0.20966335 0.21255161 0.         0.11038213
 0.28139809 0.         0.12350857]
[0.         0.         0.43171228 0.1439131  0.         0.19836694
 0.         0.         0.16351068]
[0.         0.         0.27019958 0.19095191 0.         0.
 0.         0.         0.47635076]
