[0.02302696 0.04615816 0.05900105 0.07006523 0.5563887  0.03515585
 0.02955643 0.08916372 0.02899066]
[0.08125593 0.12187784 0.10712673 0.12552956 0.         0.13275923
 0.15857755 0.09838761 0.11199154]
[0.12079682 0.10174564 0.16492198 0.11244225 0.         0.
 0.15081307 0.19072523 0.09606025]
[0.         0.0519141  0.16405901 0.13048004 0.         0.
 0.11562014 0.19120995 0.28422126]
[0.         0.12168869 0.30090333 0.21574868 0.         0.
 0.18392351 0.11523954 0.        ]
[0.         0.18251551 0.         0.28263382 0.         0.
 0.19726192 0.27509175 0.        ]
[0.         0.26664875 0.         0.32380955 0.         0.
 0.         0.34704395 0.        ]
