[0.02445234 0.01775618 0.03793419 0.01455732 0.67459361 0.01650373
 0.08451131 0.03469756 0.03250051]
[0.06421958 0.03992184 0.15149222 0.09158731 0.         0.10356222
 0.19306227 0.15660176 0.13705879]
[0.14675429 0.12314615 0.10652303 0.11967691 0.         0.04394039
 0.         0.22848973 0.16897475]
[0.1259573  0.25292002 0.13521255 0.13422247 0.         0.16392574
 0.         0.         0.12526643]
[0.25885447 0.32160092 0.12179953 0.18249218 0.         0.
 0.         0.         0.05275665]
