[0.07856216 0.10082746 0.11651983 0.11185777 0.09573781 0.07781426
 0.11888401 0.13296027 0.10434319]
[0.12742396 0.08256756 0.17551021 0.07350575 0.19080792 0.09988012
 0.         0.1160875  0.07172299]
[0.11114499 0.054541   0.18817169 0.1692593  0.         0.14374262
 0.         0.15201631 0.11862933]
[0.05439257 0.16545816 0.38210272 0.16030484 0.         0.08535903
 0.         0.         0.08988719]
[0.14134327 0.04469767 0.43459344 0.22218886 0.         0.09468051
 0.         0.         0.        ]
[0.07713669 0.0612367  0.6977001  0.         0.         0.10142951
 0.         0.         0.        ]
[0.1161591  0.12383379 0.         0.         0.         0.69750936
 0.         0.         0.        ]
