[0.02589154 0.04445929 0.07841409 0.00948186 0.65943787 0.01070807
 0.05946439 0.04192705 0.00772257]
[0.05484686 0.07353469 0.22157576 0.14131025 0.         0.09615486
 0.06303803 0.16133382 0.12571172]
[0.09902957 0.         0.25659638 0.09837017 0.         0.15291327
 0.08179085 0.03545434 0.21335067]
[0.118614   0.         0.         0.21475899 0.         0.11119859
 0.15385723 0.1728631  0.16621259]
[0.25085253 0.         0.         0.1050132  0.         0.
 0.19226708 0.0713492  0.31802174]
[0.         0.         0.         0.18886011 0.         0.
 0.15590778 0.25889569 0.33383941]
[0.         0.         0.         0.37969932 0.         0.
 0.30094803 0.2568549  0.        ]
