[0.04440895 0.05414312 0.0621936  0.02191084 0.64705219 0.00641953
 0.04456895 0.03933052 0.01747903]
[0.05942548 0.05268905 0.19297979 0.1565535  0.         0.05844415
 0.16273324 0.16013083 0.09454995]
[0.11318442 0.07919233 0.11377254 0.06766726 0.         0.27308361
 0.13819368 0.15241141 0.        ]
[0.12730186 0.07382708 0.14984201 0.         0.         0.15240446
 0.23730769 0.1968214  0.        ]
[0.15475351 0.11105217 0.12587176 0.         0.         0.30826319
 0.         0.23756312 0.        ]
[0.18834387 0.31735428 0.18469542 0.         0.         0.24710943
 0.         0.         0.        ]
[0.24627444 0.52133296 0.16989485 0.         0.         0.
 0.         0.         0.        ]
