[0.02473013 0.02960349 0.07494861 0.01266708 0.69345128 0.01111316
 0.03744764 0.03435487 0.0191905 ]
[0.08371848 0.06064548 0.17578999 0.07306379 0.         0.05673935
 0.20759786 0.14954918 0.13040186]
[0.14444319 0.12580682 0.21082105 0.06842228 0.         0.1202475
 0.13986978 0.         0.12789463]
[0.03351793 0.10590744 0.         0.11976335 0.         0.1470723
 0.29674988 0.         0.2344936 ]
[0.18609136 0.11005231 0.         0.13436446 0.         0.
 0.28791587 0.         0.21907975]
