[0.14584376 0.07197423 0.12659243 0.1057163  0.11397566 0.05540421
 0.09610086 0.1074713  0.114428  ]
[0.11326545 0.10909565 0.         0.11508107 0.15571559 0.0752989
 0.14166745 0.03987692 0.18750496]
[0.11870607 0.05730623 0.         0.156013   0.20528171 0.09446048
 0.         0.13397485 0.1717629 ]
[0.18750733 0.09106158 0.         0.26501018 0.06289716 0.14539328
 0.         0.18563496 0.        ]
[0.         0.14506378 0.         0.23380031 0.24018273 0.10470982
 0.         0.21374711 0.        ]
