[0.01528889 0.03622388 0.0533035  0.05238042 0.64914033 0.0273284
 0.04451249 0.04209952 0.0172293 ]
[0.09969928 0.15501132 0.15386805 0.10136505 0.         0.08554428
 0.13500693 0.10434687 0.10266422]
[0.12356536 0.13837091 0.         0.0751331  0.         0.16214828
 0.11611731 0.15863222 0.16353807]
[0.08450951 0.         0.         0.12975258 0.         0.17110109
 0.13643968 0.12901384 0.2866878 ]
[0.08743474 0.         0.         0.10264617 0.         0.27445015
 0.22473352 0.24823917 0.        ]
[0.26285907 0.         0.         0.27474908 0.         0.
 0.16220094 0.23769391 0.        ]
[0.17777386 0.         0.         0.         0.         0.
 0.48962693 0.27010146 0.        ]
