[0.18812629 0.07952471 0.09696543 0.14494068 0.13839097 0.03234046
 0.0868431  0.04692189 0.12345322]
[0.         0.09459127 0.14007674 0.10631585 0.26192317 0.05058658
 0.09252773 0.0731413  0.11834336]
[0.         0.         0.092784   0.11883775 0.21452521 0.15384286
 0.14105423 0.07673626 0.13972494]
[0.         0.         0.15398105 0.09148628 0.         0.0804095
 0.07434825 0.06208546 0.47519396]
[0.         0.         0.20153955 0.12173642 0.         0.2006027
 0.22446412 0.18916097 0.        ]
[0.         0.         0.36541784 0.17364977 0.         0.14614179
 0.         0.25229361 0.        ]
[0.         0.         0.30354533 0.44046551 0.         0.1934914
 0.         0.         0.        ]
