[0.06413663 0.04075217 0.02856611 0.0748008  0.66369269 0.00960602
 0.02355383 0.02102065 0.01137786]
[0.08276009 0.05560773 0.17490729 0.08371673 0.         0.09864877
 0.14303213 0.17580805 0.12302521]
[0.139422   0.13454152 0.20803776 0.         0.         0.0667254
 0.13013448 0.13883627 0.11980782]
[0.         0.04766186 0.15279851 0.         0.         0.17642666
 0.08060831 0.14673296 0.3332762 ]
[0.         0.05857774 0.24058388 0.         0.         0.08930423
 0.         0.27947242 0.26956549]
