[0.03132338 0.01346165 0.10963062 0.02263939 0.56573961 0.06697315
 0.01778487 0.06265199 0.04730208]
[0.08915823 0.13287196 0.13466764 0.10028445 0.         0.14597196
 0.11144361 0.1132056  0.10990254]
[0.09839347 0.16531414 0.22165065 0.         0.         0.09730635
 0.16105736 0.10130581 0.09247747]
[0.10219824 0.17562124 0.16548973 0.         0.         0.13507239
 0.         0.19700758 0.16211531]
[0.13996944 0.20561762 0.28447391 0.         0.         0.14498194
 0.         0.         0.16246084]
