[0.00794827 0.01757351 0.04969616 0.01587498 0.66386921 0.09863402
 0.01054952 0.03352441 0.03983667]
[0.12193378 0.17943757 0.10434216 0.10066905 0.         0.09755638
 0.12176902 0.11424748 0.09755055]
[0.07459582 0.         0.31281    0.1567534  0.         0.1309033
 0.07549381 0.07112756 0.11582135]
[0.17815495 0.         0.         0.13574356 0.         0.16812549
 0.16177305 0.15799768 0.13570976]
[0.         0.         0.         0.13369185 0.         0.24635497
 0.23518531 0.12727343 0.19499819]
[0.         0.         0.         0.25111406 0.         0.
 0.24447745 0.23017182 0.21173966]
[0.         0.         0.         0.267085   0.         0.
 0.32134735 0.         0.34906989]
