[0.03415983 0.02810553 0.03789703 0.04429978 0.64567355 0.03227474
 0.0596913  0.04726103 0.00814395]
[0.10223683 0.18947918 0.22301353 0.08686546 0.         0.10288493
 0.0879201  0.08551842 0.05958756]
[0.09145276 0.07810834 0.26420092 0.         0.         0.12743718
 0.12050222 0.13746412 0.11833971]
[0.         0.0545198  0.18210861 0.         0.         0.20294422
 0.05407628 0.15327437 0.29058122]
[0.         0.12740145 0.20762457 0.         0.         0.16620759
 0.21960312 0.         0.21666702]
[0.         0.18599203 0.         0.         0.         0.13335578
 0.17618984 0.         0.44196536]
[0.         0.25793239 0.         0.         0.         0.32281107
 0.35675879 0.         0.        ]
