[0.03527868 0.0445534  0.06107294 0.02770951 0.5836452  0.03803389
 0.04916969 0.047341   0.05070242]
[0.07191655 0.05846411 0.18122552 0.1072301  0.         0.05956954
 0.19083019 0.14866238 0.11960761]
[0.         0.14937001 0.18375832 0.13022354 0.         0.09552027
 0.08675119 0.12990765 0.16197427]
[0.         0.0942441  0.         0.22653736 0.         0.21746733
 0.1057359  0.0714984  0.22202141]
[0.         0.0758822  0.         0.         0.         0.23652862
 0.33301658 0.12946374 0.16261261]
