[0.03697391 0.01118326 0.04953211 0.0062457  0.68588216 0.02154075
 0.05936032 0.04940006 0.01738848]
[0.09753695 0.1211573  0.17966327 0.14355178 0.         0.14253875
 0.06566674 0.10850944 0.07888177]
[0.17851197 0.1564784  0.         0.08704648 0.         0.09923862
 0.08288462 0.1738607  0.15948446]
[0.10352656 0.         0.         0.25952413 0.         0.12124702
 0.10145083 0.14543759 0.20631836]
[0.1144996  0.         0.         0.         0.         0.13404399
 0.27594353 0.27020519 0.14281144]
