[0.0578989  0.06020787 0.11846136 0.03424155 0.3676185  0.0537096
 0.05460425 0.1076024  0.08316232]
[0.08232089 0.12629926 0.08961525 0.07888606 0.         0.19426598
 0.17358579 0.09857453 0.09395823]
[0.17308812 0.         0.13713656 0.09077387 0.         0.15802262
 0.16504134 0.09687623 0.11656651]
[0.08490663 0.         0.22768615 0.10049312 0.         0.18372197
 0.         0.16962293 0.17107369]
[0.32759956 0.         0.         0.14826127 0.         0.21054005
 0.         0.11491722 0.13618565]
[0.         0.         0.         0.29282245 0.         0.27170603
 0.         0.13911096 0.23386356]
[0.         0.         0.         0.         0.         0.44495916
 0.         0.13560259 0.3569405 ]
