[0.08820206 0.08148365 0.14716952 0.10076415 0.11443986 0.11895039
 0.10083031 0.11432361 0.07134319]
[0.1494281  0.06822372 0.1278038  0.1801167  0.07877595 0.11992334
 0.11604574 0.         0.09718864]
[0.19731295 0.07421823 0.13995745 0.24596516 0.13384408 0.
 0.07649634 0.         0.06971105]
[0.         0.21563268 0.13785484 0.21039065 0.14992318 0.
 0.12386094 0.         0.09984221]
[0.         0.08345918 0.27956993 0.28656432 0.         0.
 0.11426152 0.         0.1736488 ]
[0.         0.30178334 0.28985079 0.         0.         0.
 0.20677837 0.         0.13909051]
[0.         0.         0.42499843 0.         0.         0.
 0.3228725  0.         0.18963132]
