[0.08408865 0.08401081 0.08612851 0.10991125 0.1173581  0.08497085
 0.13029046 0.15633243 0.0844157 ]
[0.11179359 0.07447283 0.1791852  0.15427122 0.12245952 0.12137878
 0.07987198 0.         0.09407289]
[0.25232254 0.10918598 0.12447436 0.18226811 0.10216797 0.
 0.07186543 0.         0.09522087]
[0.         0.14946955 0.23613178 0.22433877 0.14337    0.
 0.10257165 0.         0.08162274]
[0.         0.09150281 0.26098785 0.         0.24116098 0.
 0.20245452 0.         0.14139759]
[0.         0.09431079 0.46714688 0.         0.         0.
 0.20121178 0.         0.17483356]
[0.         0.         0.49640074 0.         0.         0.
 0.16534672 0.         0.27575479]
[0.         0.         0.73454167 0.         0.         0.
 0.         0.         0.20295983]
[0.         0.         0.         0.         0.         0.
 0.         0.         0.93750075]
