[0.03565944 0.03596958 0.06453415 0.04264454 0.48869978 0.0220962
 0.05217429 0.06211624 0.13361253]
[0.10380213 0.0965622  0.23362134 0.06145671 0.         0.04985846
 0.14490133 0.16487735 0.08242649]
[0.07831208 0.20100405 0.28546847 0.06940221 0.         0.09570662
 0.0719538  0.         0.13565801]
[0.07362079 0.08651912 0.         0.14053948 0.         0.10795811
 0.29756251 0.         0.23130449]
[0.08321516 0.06630966 0.         0.18485638 0.         0.03881578
 0.         0.         0.56430677]
[0.27773106 0.26088675 0.         0.11746341 0.         0.28142178
 0.         0.         0.        ]
[0.39318425 0.19364672 0.         0.35067129 0.         0.
 0.         0.         0.        ]
