[0.01337125 0.01721605 0.03070047 0.01117257 0.71409434 0.00679235
 0.11165817 0.02368984 0.0088117 ]
[0.08078222 0.07499061 0.15061351 0.09035745 0.         0.09027044
 0.15038367 0.2078684  0.09223971]
[0.10170237 0.11404551 0.17049344 0.09515754 0.         0.10735607
 0.11151311 0.23723721 0.        ]
[0.15607633 0.187891   0.16654494 0.15298363 0.         0.13512721
 0.13888139 0.         0.        ]
[0.24480302 0.         0.22531998 0.12822524 0.         0.17551921
 0.1636363  0.         0.        ]
[0.25362628 0.         0.         0.24191652 0.         0.14378148
 0.29817872 0.         0.        ]
[0.         0.         0.         0.24392467 0.         0.39260696
 0.30097061 0.         0.        ]
