[0.11251213 0.06327466 0.08573411 0.1152924  0.11198308 0.10442793
 0.08974509 0.14166267 0.11287468]
[0.10694901 0.09092984 0.10374077 0.09229899 0.1548581  0.13606214
 0.13522113 0.11744602 0.        ]
[0.11650924 0.         0.13887372 0.1524465  0.10523053 0.1830819
 0.15044663 0.09091673 0.        ]
[0.16189564 0.         0.         0.12431801 0.22171348 0.14244477
 0.18625691 0.1008757  0.        ]
[0.08865523 0.         0.         0.20683656 0.18830631 0.
 0.25999129 0.19371435 0.        ]
[0.18716613 0.         0.         0.41696528 0.         0.
 0.20858941 0.12478218 0.        ]
[0.         0.         0.         0.29629689 0.         0.
 0.55885775 0.08234761 0.        ]
