[0.01673558 0.02442765 0.05866983 0.00948751 0.58181724 0.02017627
 0.07164016 0.05719369 0.09735882]
[0.08326197 0.12506719 0.10878309 0.1268956  0.         0.13107937
 0.11491441 0.12044893 0.12705545]
[0.08635326 0.10607033 0.23367481 0.12673133 0.         0.
 0.09512221 0.14790761 0.1416457 ]
[0.20898757 0.11202289 0.         0.18617692 0.         0.
 0.12332063 0.15571466 0.15128183]
[0.         0.14890694 0.         0.14475961 0.         0.
 0.21754849 0.28426475 0.14202396]
[0.         0.13324712 0.         0.         0.         0.
 0.16236794 0.3028842  0.33900374]
[0.         0.19701141 0.         0.         0.         0.
 0.5041192  0.         0.23637164]
