[0.02502638 0.022371   0.03123948 0.0367738  0.66347066 0.00592823
 0.06292239 0.06526507 0.02450974]
[0.05527916 0.07785714 0.09016387 0.09566341 0.         0.07729104
 0.22855388 0.13173407 0.18096342]
[0.13648174 0.15409928 0.         0.12327656 0.         0.15484018
 0.1274164  0.12953518 0.1118559 ]
[0.         0.09540733 0.         0.09645048 0.         0.06627628
 0.11086091 0.07429606 0.49421345]
[0.         0.08109396 0.         0.17144509 0.         0.43391737
 0.10419209 0.14685524 0.        ]
[0.         0.         0.         0.30842678 0.         0.10817146
 0.15968758 0.36121719 0.        ]
[0.         0.         0.         0.         0.         0.15579239
 0.14999384 0.63171602 0.        ]
