[0.09532563 0.06306412 0.09827791 0.17221873 0.12057475 0.086185
 0.10960464 0.08554237 0.10671361]
[0.08979866 0.05176553 0.14193124 0.22168887 0.         0.09137859
 0.15458663 0.08313231 0.10322418]
[0.19090174 0.07793935 0.15527996 0.         0.         0.18071016
 0.12648012 0.09518228 0.11101164]
[0.         0.04521616 0.30574662 0.         0.         0.17311554
 0.09491775 0.126722   0.19178642]
[0.         0.17347971 0.         0.         0.         0.26812525
 0.26671788 0.10840507 0.12077583]
