[0.02986674 0.00837462 0.07678588 0.0076298  0.64516974 0.00981711
 0.08969894 0.05289669 0.01726722]
[0.09573947 0.15145471 0.21738588 0.10174034 0.         0.11568909
 0.08701356 0.10095644 0.06752651]
[0.         0.17031053 0.18802188 0.14392112 0.         0.10650788
 0.11730686 0.14326556 0.06817141]
[0.         0.13097735 0.19784499 0.1131943  0.         0.07423001
 0.         0.19026886 0.23098899]
[0.         0.16901334 0.         0.16011616 0.         0.16135364
 0.         0.28384364 0.16317698]
[0.         0.         0.         0.22762676 0.         0.20676607
 0.         0.25120132 0.25190885]
[0.         0.         0.         0.         0.         0.28663072
 0.         0.34106033 0.3098112 ]
