[0.03146843 0.02021555 0.13832099 0.02171311 0.57889105 0.0197368
 0.03126036 0.06449954 0.03140093]
[0.19562867 0.10864874 0.09898021 0.09456996 0.         0.09340805
 0.11667792 0.12993793 0.09965451]
[0.09576161 0.15069286 0.18383367 0.1449009  0.         0.14340554
 0.09291198 0.12599869 0.        ]
[0.09990385 0.12454263 0.14518209 0.19973893 0.         0.19754797
 0.17058903 0.         0.        ]
[0.15462842 0.         0.21118337 0.18225703 0.         0.2113017
 0.17813323 0.         0.        ]
[0.1762932  0.         0.26206574 0.         0.         0.26430035
 0.23484371 0.         0.        ]
[0.         0.         0.22184706 0.         0.         0.41976724
 0.29588795 0.         0.        ]
