[0.01911866 0.01668948 0.03346395 0.02876135 0.65154093 0.06100469
 0.03667811 0.01609805 0.07415153]
[0.1128808  0.05784716 0.21562641 0.12609644 0.         0.04256316
 0.15585155 0.11026032 0.11638016]
[0.08935734 0.14495867 0.19817669 0.10467105 0.         0.15518427
 0.1232705  0.         0.12188673]
[0.03361396 0.0995214  0.         0.18365428 0.         0.10729417
 0.32827428 0.         0.1851464 ]
[0.30870022 0.08274869 0.         0.         0.         0.1188949
 0.29156138 0.         0.13559856]
