[0.04982493 0.02766888 0.09970291 0.02749495 0.59445006 0.0249361
 0.02678068 0.06099617 0.02565207]
[0.07681192 0.11017316 0.11524594 0.10857859 0.         0.10905824
 0.16094405 0.14734542 0.10934867]
[0.11427653 0.08674548 0.20785884 0.0929148  0.         0.13997414
 0.         0.19005516 0.10568031]
[0.25277489 0.15965059 0.         0.16283757 0.         0.15159328
 0.         0.1079316  0.10271656]
[0.14838359 0.29421771 0.         0.         0.         0.1848623
 0.         0.14896209 0.16107806]
[0.         0.22336138 0.         0.         0.         0.14183168
 0.         0.2659147  0.30639524]
[0.         0.21002521 0.         0.         0.         0.24304202
 0.         0.         0.48443502]
