[0.09586229 0.08046326 0.09922031 0.09246548 0.14797468 0.08542479
 0.15272425 0.10718014 0.07619155]
[0.06270741 0.06623694 0.11014333 0.0843578  0.         0.13601091
 0.29578042 0.10041836 0.08185083]
[0.14840366 0.10416906 0.12905517 0.08568134 0.         0.17330263
 0.         0.1602399  0.13665348]
[0.         0.05373839 0.20667192 0.18742469 0.         0.11977301
 0.         0.1268656  0.24303089]
[0.         0.15088341 0.17957947 0.16111932 0.         0.14726004
 0.         0.         0.29866151]
