[0.01380397 0.02302501 0.05811016 0.00619335 0.7090912  0.01318761
 0.02656479 0.06983295 0.01769772]
[0.14153783 0.1726143  0.15381564 0.12631329 0.         0.10673886
 0.10741326 0.07672144 0.05235139]
[0.11070936 0.         0.30698987 0.09494698 0.         0.13176453
 0.08137516 0.07449858 0.13722078]
[0.14513271 0.         0.         0.18037919 0.         0.12158506
 0.21740595 0.1403055  0.13269609]
[0.18557167 0.         0.         0.23582751 0.         0.
 0.21234501 0.1568331  0.14692646]
