[0.03841594 0.0315834  0.04517469 0.03425116 0.61350464 0.02975565
 0.02599941 0.03452149 0.08430037]
[0.06878922 0.1391946  0.18282136 0.07026175 0.         0.07255112
 0.14791246 0.14035402 0.11562147]
[0.1026258  0.13140511 0.15592765 0.13406792 0.         0.19977081
 0.10352183 0.         0.11018613]
[0.19202182 0.08162713 0.15485513 0.2970311  0.         0.
 0.14210923 0.         0.0698601 ]
[0.13307447 0.11716595 0.18473092 0.         0.         0.
 0.29744797 0.         0.20508444]
[0.23352715 0.14402882 0.36721686 0.         0.         0.
 0.19273017 0.         0.        ]
[0.2630301  0.26225593 0.         0.         0.         0.
 0.41221622 0.         0.        ]
