[0.12288867 0.07583188 0.10812508 0.08039598 0.12280627 0.13088336
 0.08666274 0.07419345 0.13571931]
[0.         0.12113162 0.13185981 0.09117917 0.19224167 0.10059553
 0.11420586 0.07475948 0.11153286]
[0.         0.07582802 0.         0.08407075 0.25919748 0.13888274
 0.17286903 0.04322717 0.16343006]
[0.         0.11022177 0.         0.15991104 0.28332113 0.09554615
 0.22645794 0.06204645 0.        ]
[0.         0.07655842 0.         0.05323669 0.         0.07212728
 0.58587943 0.14970193 0.        ]
[0.         0.07879006 0.         0.57161564 0.         0.12836942
 0.         0.15872788 0.        ]
[0.         0.13818196 0.         0.         0.         0.15720938
 0.         0.64211091 0.        ]
