[0.01144112 0.0651263  0.07618068 0.02987784 0.56058232 0.06906091
 0.02274467 0.08580633 0.01668659]
[0.08181373 0.12388494 0.11860603 0.10961404 0.         0.09993287
 0.16010848 0.1349483  0.1085976 ]
[0.1028533  0.         0.2689799  0.10161214 0.         0.10674256
 0.14115642 0.10404251 0.11211842]
[0.1103184  0.         0.         0.14445327 0.         0.12083302
 0.17461676 0.26170011 0.12558294]
[0.15560781 0.         0.         0.12406407 0.         0.30430216
 0.26344852 0.         0.09008118]
