[0.0148604  0.02210034 0.03371443 0.03757332 0.64092181 0.02432542
 0.04053565 0.0944892  0.02898617]
[0.09144169 0.08930524 0.08261362 0.21130011 0.         0.08806349
 0.14310221 0.15180196 0.07987769]
[0.10042459 0.08077493 0.18643555 0.         0.         0.13101697
 0.12661173 0.16090455 0.15133694]
[0.08863722 0.         0.10054085 0.         0.         0.12732825
 0.16181868 0.41952852 0.03965099]
[0.11515045 0.         0.19892321 0.         0.         0.24566541
 0.26087695 0.         0.11688773]
[0.10404081 0.         0.         0.         0.         0.15394739
 0.41471453 0.         0.26480026]
[0.27722914 0.         0.         0.         0.         0.14088533
 0.         0.         0.51938778]
