[0.04826893 0.01482806 0.06360622 0.03329115 0.60262578 0.01169811
 0.0145254  0.05530003 0.09336306]
[0.08923783 0.14531271 0.11461111 0.11020122 0.         0.07131416
 0.11421938 0.16751891 0.12509068]
[0.09759904 0.11634185 0.15037624 0.15075788 0.         0.09388366
 0.17292019 0.         0.15562638]
[0.0878734  0.09664716 0.27559077 0.19474324 0.         0.06810312
 0.         0.         0.21454681]
[0.19260976 0.22801361 0.         0.21413334 0.         0.15081881
 0.         0.         0.15192823]
[0.         0.1134155  0.         0.33502296 0.         0.11371929
 0.         0.         0.37534525]
[0.         0.25271247 0.         0.         0.         0.18762155
 0.         0.         0.49716823]
