[0.02731637 0.06195587 0.07378267 0.02818203 0.62997693 0.02079493
 0.02959475 0.05364586 0.01225733]
[0.05823233 0.10459347 0.27425755 0.16077021 0.         0.0862393
 0.08071168 0.09328189 0.07941956]
[0.12789176 0.21979976 0.         0.08334599 0.         0.10484828
 0.14518789 0.13501217 0.12141939]
[0.17328355 0.11367943 0.         0.21873286 0.         0.
 0.07225144 0.16062582 0.19893141]
[0.         0.17344731 0.         0.30324185 0.         0.
 0.17067687 0.16034093 0.12979679]
[0.         0.         0.         0.26381286 0.         0.
 0.0954583  0.24179099 0.33644085]
[0.         0.         0.         0.         0.         0.
 0.31404812 0.34500217 0.27845196]
