[0.05125618 0.05276131 0.10112645 0.04281465 0.41112272 0.05635061
 0.04808895 0.10918812 0.06479775]
[0.06875562 0.20373745 0.10413899 0.10955125 0.         0.12083525
 0.11933828 0.11302244 0.09812672]
[0.07160772 0.09450318 0.14266034 0.13748868 0.         0.22984583
 0.         0.13470241 0.12669709]
[0.12505657 0.10711456 0.14798227 0.         0.         0.1468365
 0.         0.15544345 0.25507114]
[0.17970861 0.17166539 0.21420538 0.         0.         0.22098393
 0.         0.15094044 0.        ]
