[0.11181098 0.04057097 0.04681846 0.01574123 0.64489169 0.01255337
 0.02634519 0.02141405 0.01736081]
[0.06187777 0.04870482 0.09480463 0.11045802 0.         0.12582744
 0.22377336 0.13000945 0.14205052]
[0.09827158 0.05496479 0.16819767 0.09033782 0.         0.08876586
 0.         0.31604386 0.12092367]
[0.13874089 0.24803793 0.10971588 0.15523254 0.         0.19513935
 0.         0.         0.09063792]
[0.24848721 0.         0.14164944 0.2227018  0.         0.18583699
 0.         0.         0.1388283 ]
[0.24832914 0.         0.11375565 0.37188196 0.         0.
 0.         0.         0.20353624]
[0.27249103 0.         0.18416053 0.48085069 0.         0.
 0.         0.         0.        ]
