[0.04363816 0.02328358 0.05217321 0.03089212 0.60668691 0.01757163
 0.01944463 0.07283217 0.07098435]
[0.10140193 0.13805894 0.10601379 0.11875805 0.         0.12407526
 0.08810184 0.16258318 0.098513  ]
[0.11166805 0.         0.18795128 0.10415848 0.         0.10693347
 0.11183825 0.0975614  0.21739431]
[0.193593   0.         0.19835095 0.19718787 0.         0.06774629
 0.1152499  0.16537649 0.        ]
[0.19015394 0.         0.34401155 0.         0.         0.04370002
 0.17161478 0.18802347 0.        ]
[0.2362141  0.         0.         0.         0.         0.22953823
 0.29819449 0.17355619 0.        ]
[0.4576009  0.         0.         0.         0.         0.25285721
 0.         0.22704414 0.        ]
