[0.17479385 0.08108118 0.11651268 0.087797   0.15205951 0.03688368
 0.11264584 0.04481468 0.13091833]
[0.         0.09384323 0.13377324 0.11852893 0.20223543 0.07288814
 0.13251424 0.08315749 0.10056529]
[0.         0.08332732 0.         0.10572833 0.21328671 0.14998385
 0.14742286 0.04955758 0.1881986 ]
[0.         0.07477973 0.         0.20074362 0.20136119 0.10254196
 0.13514382 0.22293419 0.        ]
[0.         0.04271169 0.         0.0533119  0.5693672  0.16036043
 0.11175254 0.         0.        ]
[0.         0.14050212 0.         0.42222775 0.15603775 0.
 0.21873539 0.         0.        ]
[0.         0.18786552 0.         0.         0.5173546  0.
 0.23228213 0.         0.        ]
