[0.06557016 0.07695654 0.10843578 0.07242995 0.20815994 0.08361625
 0.0867786  0.15464598 0.08091354]
[0.08626591 0.13399346 0.08342133 0.06829247 0.         0.17581469
 0.15395986 0.15879331 0.07696497]
[0.08255788 0.20041498 0.14779084 0.08692868 0.         0.15650743
 0.17268249 0.09062295 0.        ]
[0.08608956 0.         0.12419321 0.12463093 0.         0.26061171
 0.18585154 0.15612755 0.        ]
[0.26042985 0.         0.19262117 0.17388836 0.         0.
 0.22744389 0.08312049 0.        ]
