[0.04187167 0.02079694 0.10070338 0.04587193 0.43298385 0.03217
 0.05101922 0.11296923 0.09912055]
[0.07366394 0.14037306 0.09493422 0.1186884  0.         0.14288958
 0.11804469 0.1304144  0.11849772]
[0.1261533  0.10228694 0.19705106 0.12912547 0.         0.
 0.11875022 0.1441556  0.11998266]
[0.11924746 0.18165277 0.12137837 0.16782608 0.         0.
 0.19178479 0.15561502 0.        ]
[0.18408685 0.         0.2824261  0.16460512 0.         0.
 0.16556338 0.1408223  0.        ]
[0.29889267 0.         0.         0.28740452 0.         0.
 0.22131146 0.12989434 0.        ]
[0.         0.         0.         0.24159587 0.         0.
 0.57576231 0.12014407 0.        ]
