[0.04959698 0.01765153 0.0593321  0.03511289 0.69517218 0.00923304
 0.01913241 0.03564886 0.01662677]
[0.04451978 0.07364513 0.29133751 0.10078571 0.         0.06830629
 0.08240107 0.1551638  0.12134672]
[0.09122867 0.15104854 0.20011639 0.0932402  0.         0.13013699
 0.12431042 0.         0.14742406]
[0.10537473 0.07946047 0.         0.14139225 0.         0.11052402
 0.18767232 0.         0.31308071]
[0.14650376 0.07628139 0.         0.11895275 0.         0.10126856
 0.         0.         0.49449729]
[0.25393205 0.22977718 0.         0.24258018 0.         0.21121359
 0.         0.         0.        ]
[0.30965476 0.21334383 0.         0.41450366 0.         0.
 0.         0.         0.        ]
