[0.10709387 0.06329987 0.07444587 0.09760107 0.12516821 0.08084303
 0.12552907 0.18948328 0.07404249]
[0.09243616 0.06077131 0.11136383 0.05306709 0.28095359 0.17237912
 0.         0.08709654 0.07943836]
[0.16844518 0.13930191 0.11818902 0.19226117 0.13452197 0.11650021
 0.         0.06828579 0.        ]
[0.12257918 0.         0.12554153 0.1067945  0.35830031 0.12049317
 0.         0.10379581 0.        ]
[0.16555964 0.         0.26977608 0.32275435 0.         0.05527007
 0.         0.12414361 0.        ]
[0.         0.         0.28892893 0.26728424 0.         0.26821257
 0.         0.11307726 0.        ]
[0.         0.         0.51534864 0.         0.         0.22458054
 0.         0.19757308 0.        ]
