[0.03518622 0.0411022  0.04084415 0.06834686 0.55559673 0.05649075
 0.05126072 0.03470807 0.05397106]
[0.14545204 0.08104113 0.15302127 0.08944385 0.         0.0448904
 0.17601389 0.12056549 0.12707792]
[0.10098517 0.14838095 0.19119056 0.09785311 0.         0.15941846
 0.1456205  0.         0.09405649]
[0.04603509 0.14855022 0.         0.11492229 0.         0.09117776
 0.34740376 0.         0.18941538]
[0.11052047 0.         0.         0.06143995 0.         0.19519712
 0.24068581 0.         0.3296604 ]
