[0.0592094  0.02807708 0.09296848 0.00822341 0.6472469  0.01739705
 0.03643601 0.02936054 0.01858788]
[0.12565434 0.07469816 0.08927488 0.09517087 0.         0.08532033
 0.20860334 0.13803983 0.12074425]
[0.13030804 0.12051033 0.13830115 0.09133787 0.         0.19443565
 0.13564547 0.         0.12696674]
[0.1366873  0.06911592 0.18541931 0.14467322 0.         0.09034775
 0.         0.         0.311261  ]
[0.11437008 0.18015087 0.18110296 0.1562994  0.         0.30558045
 0.         0.         0.        ]
[0.         0.17079164 0.29451418 0.24526288 0.         0.2269343
 0.         0.         0.        ]
[0.         0.20878052 0.36661175 0.         0.         0.36210999
 0.         0.         0.        ]
