[0.0955795  0.15486477 0.11914978 0.10784843 0.08177647 0.07735582
 0.08821309 0.11389868 0.0988202 ]
[0.10767824 0.07841515 0.21392801 0.15291449 0.09224323 0.15893786
 0.05437743 0.         0.0790116 ]
[0.         0.06577198 0.17001489 0.11968185 0.12237303 0.19816411
 0.13894561 0.         0.12255377]
[0.         0.06466113 0.         0.26295004 0.1030935  0.28250402
 0.0925924  0.         0.13170341]
[0.         0.08981136 0.         0.         0.07034371 0.40301971
 0.0956117  0.         0.27871727]
[0.         0.10080972 0.         0.         0.17687984 0.48894907
 0.         0.         0.17086437]
[0.         0.23028441 0.         0.         0.07589011 0.63132772
 0.         0.         0.        ]
