[0.01127996 0.01830674 0.02771164 0.07374598 0.67299734 0.00723509
 0.0426733  0.02992335 0.05363335]
[0.0982862  0.04310264 0.119833   0.11455146 0.         0.07425848
 0.21180351 0.13120595 0.14446478]
[0.07111364 0.15656532 0.13813723 0.09991863 0.         0.13170196
 0.14128192 0.         0.19878656]
[0.09287784 0.08485581 0.         0.13142569 0.         0.10763281
 0.32651161 0.         0.19420073]
[0.09029516 0.03725385 0.         0.25122239 0.         0.06037939
 0.         0.         0.49835296]
[0.26891204 0.13674776 0.         0.33833646 0.         0.19350674
 0.         0.         0.        ]
[0.37122587 0.         0.         0.3572863  0.         0.20899008
 0.         0.         0.        ]
