[0.01419744 0.01689095 0.03920659 0.01749304 0.73465198 0.00992257
 0.06632008 0.02156882 0.01725529]
[0.06941325 0.09768977 0.09392305 0.08042003 0.         0.08023744
 0.21323311 0.15152317 0.15106618]
[0.08369802 0.05637711 0.16047533 0.10517888 0.         0.10574436
 0.         0.24730556 0.17872598]
[0.23330424 0.12426073 0.12391704 0.2244711  0.         0.12546796
 0.         0.10608342 0.        ]
[0.28341899 0.13314781 0.1531271  0.         0.         0.08627705
 0.         0.2815328  0.        ]
