[0.06938526 0.10035098 0.08025179 0.05150572 0.25585958 0.12886292
 0.08040254 0.09576272 0.07512523]
[0.05091671 0.05541398 0.0883311  0.07293786 0.3452133  0.
 0.07681606 0.07395353 0.17392346]
[0.11964085 0.13354662 0.25754318 0.13660404 0.         0.
 0.08678176 0.12760236 0.07578644]
[0.08519806 0.17689558 0.         0.07747838 0.         0.
 0.09318431 0.136756   0.36799217]
[0.6073679  0.10793259 0.         0.11729718 0.         0.
 0.05410215 0.05080393 0.        ]
[0.         0.39720681 0.         0.39289172 0.         0.
 0.06325996 0.08414451 0.        ]
[0.         0.46266627 0.         0.         0.         0.
 0.27983211 0.19500387 0.        ]
