[0.04617045 0.02284892 0.02771022 0.02422421 0.68101685 0.05951759
 0.01787208 0.03881649 0.01932993]
[0.07684796 0.06400873 0.13342684 0.10825684 0.         0.07706479
 0.20316881 0.1346449  0.14008713]
[0.21139441 0.04410769 0.21327689 0.         0.         0.03078657
 0.12743618 0.09449254 0.21601098]
[0.26138633 0.19559447 0.08602867 0.         0.         0.19890938
 0.11746265 0.078123   0.        ]
[0.         0.1639447  0.21337781 0.         0.         0.14986228
 0.21518342 0.19513553 0.        ]
[0.         0.10082613 0.2444515  0.         0.         0.29931701
 0.         0.29290835 0.        ]
[0.         0.28381908 0.         0.         0.         0.2674434
 0.         0.38623978 0.        ]
