[0.04559933 0.05339942 0.05480759 0.04794839 0.63674853 0.03408803
 0.01179252 0.03244284 0.0206801 ]
[0.06347657 0.13418531 0.21214264 0.16816248 0.         0.05855154
 0.0647996  0.13277616 0.1034117 ]
[0.08686022 0.23183866 0.19953846 0.06531865 0.         0.15189313
 0.11288614 0.         0.08916999]
[0.07574296 0.13816126 0.         0.20320494 0.         0.13064578
 0.15128285 0.         0.2384667 ]
[0.17241886 0.23773605 0.         0.21328801 0.         0.15771116
 0.         0.         0.15634966]
[0.26156629 0.21442374 0.         0.33014019 0.         0.13137278
 0.         0.         0.        ]
[0.28968003 0.38385305 0.         0.         0.         0.26396917
 0.         0.         0.        ]
