[0.07957086 0.03559931 0.06586563 0.05283559 0.45902544 0.09572189
 0.06123094 0.04445854 0.04319855]
[0.07772815 0.05979012 0.10230362 0.08278305 0.33305809 0.
 0.07118797 0.04996866 0.16068634]
[0.10098212 0.16888723 0.23945431 0.1352299  0.         0.
 0.09872562 0.08421865 0.11000742]
[0.19626897 0.19014335 0.         0.13152867 0.         0.
 0.10795338 0.15379949 0.15781063]
[0.15083226 0.46802093 0.         0.11384661 0.         0.
 0.17134781 0.         0.03345614]
[0.50032311 0.         0.         0.1705715  0.         0.
 0.12823506 0.         0.13837334]
[0.         0.         0.         0.1116642  0.         0.
 0.10618544 0.         0.71965261]
