[0.04744331 0.05258122 0.11384308 0.01817181 0.54222163 0.01896234
 0.03449403 0.03182529 0.07796403]
[0.08184132 0.15369038 0.28839151 0.07153736 0.         0.03940444
 0.09602213 0.12666264 0.07995622]
[0.11796573 0.10466738 0.         0.17584117 0.         0.16563539
 0.14565119 0.16087702 0.06686738]
[0.18462966 0.13385034 0.         0.         0.         0.4008103
 0.06606345 0.07342177 0.07872898]
[0.17015186 0.17900749 0.         0.         0.         0.
 0.26396266 0.19236532 0.13201642]
[0.55426083 0.15004912 0.         0.         0.         0.
 0.06474514 0.16844792 0.        ]
[0.         0.28823996 0.         0.         0.         0.
 0.18952786 0.45973443 0.        ]
[0.         0.         0.         0.         0.         0.
 0.41562332 0.52187818 0.        ]
[0.         0.         0.         0.         0.         0.
 0.         0.93750075 0.        ]
