[0.01204795 0.02634724 0.05563252 0.00852766 0.67437579 0.01047811
 0.01975897 0.11290922 0.0174293 ]
[0.05300898 0.12809874 0.23236526 0.09817871 0.         0.04276799
 0.08771883 0.18445165 0.11091585]
[0.17250732 0.16905652 0.14148858 0.12598261 0.         0.11924424
 0.06716132 0.         0.14206465]
[0.06114975 0.22571717 0.         0.16996033 0.         0.07460834
 0.13361719 0.         0.27245172]
[0.16015393 0.22885808 0.         0.         0.         0.15246243
 0.14649246 0.         0.24953686]
