[0.0623585  0.0391325  0.10461668 0.02591463 0.4072761  0.09237328
 0.05680653 0.10327572 0.0457528 ]
[0.08302216 0.13874971 0.12152337 0.08417062 0.         0.13955324
 0.12435356 0.1168541  0.12927922]
[0.08261503 0.09154472 0.13431387 0.         0.         0.14737049
 0.22433271 0.15449947 0.10282896]
[0.12337178 0.15686879 0.16076492 0.         0.         0.16467282
 0.         0.15193024 0.17989595]
[0.20527869 0.26723198 0.         0.         0.         0.22986017
 0.         0.09269664 0.14243627]
[0.22819596 0.23173626 0.         0.         0.         0.37159223
 0.         0.10597856 0.        ]
[0.37292073 0.26583036 0.         0.         0.         0.
 0.         0.29875116 0.        ]
