[0.02517468 0.02665494 0.04568895 0.01264095 0.66577017 0.03622298
 0.02858778 0.07955654 0.01720976]
[0.09190322 0.08091707 0.15151171 0.10638616 0.         0.08867598
 0.16327861 0.13958205 0.1152512 ]
[0.         0.24920134 0.08832545 0.12803609 0.         0.15313092
 0.10223302 0.11445146 0.10212697]
[0.         0.09005735 0.11951496 0.         0.         0.23743882
 0.14571811 0.19782016 0.14695511]
[0.         0.19593045 0.18730023 0.         0.         0.20049904
 0.14368558 0.         0.21008844]
