[0.02838514 0.02784187 0.05417094 0.00853276 0.65098995 0.01994509
 0.0207027  0.080478   0.0464603 ]
[0.09704395 0.10138066 0.27763483 0.09169513 0.         0.0637854
 0.05989546 0.14544    0.10063058]
[0.12555767 0.10768863 0.30693545 0.         0.         0.10572603
 0.07453352 0.10819684 0.10886712]
[0.11962967 0.15078417 0.         0.         0.         0.1406326
 0.19378164 0.17676056 0.15591588]
[0.29512534 0.23734078 0.         0.         0.         0.1180073
 0.         0.12294239 0.16408794]
[0.         0.19326544 0.         0.         0.         0.14819423
 0.         0.18515015 0.41089317]
[0.         0.35583985 0.         0.         0.         0.26147743
 0.         0.32018497 0.        ]
