[0.06082982 0.01641637 0.03691089 0.01846166 0.67312094 0.00969547
 0.02012952 0.05317116 0.04877093]
[0.12899259 0.05440389 0.12516418 0.09700599 0.         0.07105728
 0.20440167 0.12429916 0.13218125]
[0.         0.09760534 0.12567924 0.3175514  0.         0.0930848
 0.09223946 0.08068369 0.13066133]
[0.         0.06854657 0.06560606 0.         0.         0.20626643
 0.24282405 0.2572288  0.09703259]
[0.         0.25611799 0.12339242 0.         0.         0.
 0.11038463 0.26109939 0.18650932]
[0.         0.         0.13039467 0.         0.         0.
 0.25623732 0.49103203 0.05983899]
[0.         0.         0.19809996 0.         0.         0.
 0.         0.46659586 0.27280643]
