[0.0305631  0.00671147 0.05229225 0.04492958 0.65910156 0.02762334
 0.02992907 0.0736836  0.01267279]
[0.10130926 0.19151317 0.11988661 0.13249734 0.         0.12752347
 0.08421919 0.1213212  0.05923576]
[0.11920396 0.         0.24289089 0.15384149 0.         0.09913222
 0.09039129 0.10395991 0.12808549]
[0.12098285 0.         0.         0.11862046 0.         0.1860829
 0.20868576 0.1546851  0.14844744]
[0.21765915 0.         0.         0.17176697 0.         0.
 0.24247824 0.18827446 0.11732492]
[0.         0.         0.         0.24312183 0.         0.
 0.11427847 0.23683191 0.3432708 ]
[0.         0.         0.         0.         0.         0.
 0.30092102 0.37912544 0.25745579]
[0.         0.         0.         0.         0.         0.
 0.38842795 0.         0.54907355]
[0.         0.         0.         0.         0.         0.
 0.         0.         0.93750075]
