[0.02117799 0.01490672 0.05187825 0.01071863 0.62177255 0.03439483
 0.04134181 0.12094844 0.02036754]
[0.17177663 0.10163343 0.10477432 0.15291693 0.         0.07229044
 0.09682056 0.12714005 0.11015365]
[0.13934249 0.1227378  0.         0.11047706 0.         0.13531016
 0.12402186 0.15756738 0.1480485 ]
[0.11884885 0.         0.         0.13498623 0.         0.11154042
 0.1587462  0.18343122 0.22995158]
[0.19141345 0.         0.         0.         0.         0.0931284
 0.3065329  0.1136515  0.2327775 ]
[0.         0.         0.         0.         0.         0.12723627
 0.20084785 0.276494   0.33292488]
[0.         0.         0.         0.         0.         0.14958476
 0.38309917 0.40481832 0.        ]
