[0.04613088 0.05329948 0.03318034 0.00980762 0.6860112  0.01190911
 0.04519015 0.01963382 0.03234415]
[0.08350513 0.06164063 0.14189408 0.09300337 0.         0.12441642
 0.19417407 0.13473961 0.10413268]
[0.12387024 0.11407711 0.1863247  0.05685429 0.         0.17899598
 0.         0.14128855 0.13609438]
[0.20112403 0.15232167 0.11065914 0.13900193 0.         0.25056361
 0.         0.         0.08383412]
[0.         0.38640141 0.08948375 0.19164285 0.         0.21701567
 0.         0.         0.05296007]
