[0.03911351 0.04704818 0.04602061 0.12541621 0.52259062 0.02474314
 0.03332541 0.05084096 0.0484081 ]
[0.05989514 0.06674602 0.1855605  0.14639112 0.         0.06695913
 0.15682239 0.12699746 0.12813424]
[0.11552203 0.11340137 0.16757244 0.         0.         0.08337082
 0.13679946 0.18008112 0.140758  ]
[0.08570432 0.20433834 0.07928881 0.         0.         0.33117786
 0.14832484 0.         0.08867033]
[0.20324757 0.36353064 0.11565029 0.         0.         0.
 0.1021056  0.         0.15296965]
