[0.01842043 0.02169748 0.06325042 0.07035425 0.65719507 0.02782818
 0.01708056 0.01991269 0.04176766]
[0.12524601 0.07001128 0.12519364 0.06987492 0.         0.13032991
 0.18134885 0.13264658 0.1028548 ]
[0.12810985 0.16769379 0.18094344 0.07272473 0.         0.14906972
 0.11476138 0.         0.12420234]
[0.13652178 0.08039327 0.         0.1410804  0.         0.14619115
 0.24802138 0.         0.18529652]
[0.1348106  0.08020694 0.         0.21264374 0.         0.10876962
 0.         0.         0.40107286]
[0.32634799 0.18725206 0.         0.20408745 0.         0.2198155
 0.         0.         0.        ]
[0.32411125 0.         0.         0.31494321 0.         0.29844779
 0.         0.         0.        ]
