[0.02711902 0.04700279 0.03560134 0.00627632 0.67597843 0.04386878
 0.04382449 0.02565356 0.03218202]
[0.09689315 0.04695489 0.12255946 0.09171318 0.         0.10472172
 0.19318948 0.17799713 0.10347699]
[0.08791395 0.06765147 0.2166948  0.09859932 0.         0.07857824
 0.         0.21122259 0.17684487]
[0.14929582 0.17095692 0.1176082  0.19032208 0.         0.18831977
 0.         0.         0.12100172]
[0.20767882 0.29956921 0.14080759 0.14322798 0.         0.14622016
 0.         0.         0.        ]
