[0.06150228 0.05425566 0.06671643 0.02920252 0.459312   0.07383348
 0.03517621 0.09395414 0.06355403]
[0.07248652 0.08137485 0.30708877 0.17351509 0.         0.04185242
 0.07853239 0.09648019 0.08617577]
[0.10219926 0.08118936 0.13219603 0.09220112 0.         0.1570881
 0.13038179 0.24224959 0.        ]
[0.06937284 0.4002154  0.11904864 0.09925498 0.         0.12196591
 0.12764674 0.         0.        ]
[0.07893937 0.         0.27395484 0.16353233 0.         0.34382136
 0.07725585 0.         0.        ]
[0.24145463 0.         0.14022941 0.35451726 0.         0.
 0.2013017  0.         0.        ]
[0.08995713 0.         0.35212566 0.49541946 0.         0.
 0.         0.         0.        ]
