[0.02583236 0.06484538 0.03665437 0.06309254 0.57161842 0.04513167
 0.039264   0.03692037 0.05414764]
[0.11582448 0.08178741 0.08432623 0.11385243 0.         0.11995644
 0.13071686 0.1506952  0.14034694]
[0.         0.18845502 0.12681627 0.11760154 0.         0.28142131
 0.07171254 0.07278571 0.07871287]
[0.         0.12072612 0.11545049 0.         0.         0.30608555
 0.13956247 0.14906273 0.10661714]
[0.         0.24667811 0.14695982 0.         0.         0.
 0.09176909 0.36725094 0.08484579]
[0.         0.14159038 0.22864596 0.         0.         0.
 0.431608   0.         0.13565867]
[0.         0.69226816 0.1514678  0.         0.         0.
 0.09376629 0.         0.        ]
