[0.         0.14030068 0.12940189 0.09844218 0.         0.27516082
 0.03455126 0.25964766 0.        ]
[0.         0.64060708 0.06391192 0.06253926 0.         0.11548818
 0.0549573  0.         0.        ]
[0.         0.         0.67772839 0.07321717 0.         0.06841855
 0.11813889 0.         0.        ]
[0.         0.         0.         0.11065783 0.         0.12048337
 0.70636106 0.         0.        ]
[0.         0.         0.         0.         0.         0.16392775
 0.77357375 0.         0.        ]
