[0.         0.23899131 0.04355999 0.05780625 0.         0.30127771
 0.03439672 0.26147251 0.        ]
[0.         0.68826746 0.04278338 0.05197669 0.         0.04588681
 0.10858941 0.         0.        ]
[0.         0.         0.63269301 0.0787106  0.         0.10858534
 0.11751405 0.         0.        ]
[0.         0.         0.         0.10746866 0.         0.1704987
 0.65953489 0.         0.        ]
[0.         0.         0.         0.30470286 0.         0.
 0.63279864 0.         0.        ]
