[0.         0.12409731 0.03853664 0.0865962  0.         0.22697741
 0.08501284 0.3762841  0.        ]
[0.         0.         0.14946073 0.08507336 0.         0.07114344
 0.08678427 0.54504196 0.        ]
[0.         0.         0.16651689 0.13825775 0.         0.11880664
 0.51392172 0.         0.        ]
[0.         0.         0.65018682 0.17061814 0.         0.11669729
 0.         0.         0.        ]
[0.         0.         0.67748351 0.         0.         0.26001799
 0.         0.         0.        ]
