[0.         0.16826499 0.14657937 0.06113687 0.         0.21247421
 0.03950759 0.30954147 0.        ]
[0.         0.         0.12949674 0.09255446 0.         0.05339741
 0.07722748 0.58482766 0.        ]
[0.         0.         0.14929058 0.12071648 0.         0.13870254
 0.5287934  0.         0.        ]
[0.         0.         0.76448178 0.11128513 0.         0.06173534
 0.         0.         0.        ]
[0.         0.         0.         0.26152707 0.         0.67597443
 0.         0.         0.        ]
[0.         0.         0.         0.93750075 0.         0.
 0.         0.         0.        ]
