[0.         0.17931242 0.04248065 0.09496304 0.         0.31540846
 0.07174144 0.23359848 0.        ]
[0.         0.07098669 0.0758268  0.         0.         0.5297797
 0.14305348 0.11785708 0.        ]
[0.         0.11163819 0.43777905 0.         0.         0.
 0.18264317 0.20544259 0.        ]
[0.         0.20983526 0.         0.         0.         0.
 0.66820227 0.05946472 0.        ]
[0.         0.19443476 0.         0.         0.         0.
 0.         0.74306674 0.        ]
[0.         0.93750075 0.         0.         0.         0.
 0.         0.         0.        ]
