[0.         0.16518038 0.03705489 0.10629634 0.         0.21672823
 0.06045941 0.35178524 0.        ]
[0.         0.67494748 0.11203493 0.04900321 0.         0.04692957
 0.05458855 0.         0.        ]
[0.         0.         0.6374948  0.1014571  0.         0.09682339
 0.10172771 0.         0.        ]
[0.         0.         0.         0.11850406 0.         0.07604594
 0.74295225 0.         0.        ]
[0.         0.         0.         0.71821713 0.         0.21928437
 0.         0.         0.        ]
[0.         0.         0.         0.         0.         0.93750075
 0.         0.         0.        ]
