[0.         0.15457227 0.03764555 0.0556074  0.         0.17462923
 0.10346283 0.41158722 0.        ]
[0.         0.64278735 0.1120363  0.05418102 0.         0.07498013
 0.05351895 0.         0.        ]
[0.         0.         0.70848058 0.11598663 0.         0.05024025
 0.06279553 0.         0.        ]
[0.         0.         0.         0.17384303 0.         0.08428978
 0.67936944 0.         0.        ]
[0.         0.         0.         0.78733255 0.         0.15016895
 0.         0.         0.        ]
[0.         0.         0.         0.         0.         0.93750075
 0.         0.         0.        ]
