[0.         0.24465706 0.06982332 0.05149533 0.         0.19910948
 0.0767789  0.29564042 0.        ]
[0.         0.64830404 0.04949198 0.05043597 0.         0.09613247
 0.09313929 0.         0.        ]
[0.         0.         0.68877486 0.09891485 0.         0.07566621
 0.07414709 0.         0.        ]
[0.         0.         0.         0.06236223 0.         0.12154754
 0.75359248 0.         0.        ]
[0.         0.         0.         0.74806812 0.         0.18943338
 0.         0.         0.        ]
[0.         0.         0.         0.         0.         0.93750075
 0.         0.         0.        ]
