[0.         0.19508281 0.05489368 0.08440806 0.         0.18407494
 0.0299861  0.38905892 0.        ]
[0.         0.71459658 0.05006537 0.06207157 0.         0.06437301
 0.04639722 0.         0.        ]
[0.         0.         0.65731759 0.11186785 0.         0.03875377
 0.12956379 0.         0.        ]
[0.         0.         0.         0.22081823 0.         0.06881959
 0.64786443 0.         0.        ]
[0.         0.         0.         0.68389429 0.         0.25360721
 0.         0.         0.        ]
[0.         0.         0.         0.         0.         0.93750075
 0.         0.         0.        ]
