[0.         0.26122508 0.07571271 0.14302987 0.         0.22527792
 0.03744861 0.19481031 0.        ]
[0.         0.         0.08721925 0.09487249 0.         0.04705483
 0.07797561 0.63038157 0.        ]
[0.         0.         0.06576231 0.06851627 0.         0.15788007
 0.64534435 0.         0.        ]
[0.         0.         0.75870533 0.064461   0.         0.11433592
 0.         0.         0.        ]
[0.        0.        0.        0.2407523 0.        0.6967492 0.
 0.        0.       ]
[0.         0.         0.         0.93750075 0.         0.
 0.         0.         0.        ]
