[0.         0.17064256 0.03978099 0.1215078  0.         0.24233346
 0.05889508 0.30434461 0.        ]
[0.         0.66525619 0.07228523 0.0523679  0.         0.08402977
 0.06356465 0.         0.        ]
[0.         0.         0.66925336 0.06214295 0.         0.05443149
 0.1516752  0.         0.        ]
[0.         0.         0.         0.0802683  0.         0.12303624
 0.73419771 0.         0.        ]
[0.         0.         0.         0.69907793 0.         0.23842357
 0.         0.         0.        ]
[0.         0.         0.         0.         0.         0.93750075
 0.         0.         0.        ]
