[0.         0.19597707 0.09416133 0.06399609 0.         0.20431385
 0.05506334 0.32399282 0.        ]
[0.         0.04490458 0.08435542 0.62851736 0.         0.
 0.09098869 0.0887377  0.        ]
[0.         0.18393309 0.06340449 0.         0.         0.
 0.56913615 0.12102927 0.        ]
[0.         0.12074199 0.78120544 0.         0.         0.
 0.         0.03555482 0.        ]
[0.         0.73338994 0.         0.         0.         0.
 0.         0.20411156 0.        ]
[0.         0.         0.         0.         0.         0.
 0.         0.93750075 0.        ]
