[0.         0.20067826 0.0474159  0.0772703  0.         0.24585558
 0.10341616 0.26286831 0.        ]
[0.         0.0500292  0.09748573 0.63677366 0.         0.
 0.08664126 0.06657391 0.        ]
[0.         0.10116317 0.07859545 0.         0.         0.
 0.62909583 0.12864855 0.        ]
[0.         0.04454867 0.72372735 0.         0.         0.
 0.         0.16922623 0.        ]
[0.         0.70832655 0.         0.         0.         0.
 0.         0.22917495 0.        ]
[0.         0.         0.         0.         0.         0.
 0.         0.93750075 0.        ]
