[0.         0.14707691 0.04703019 0.03783461 0.         0.18519208
 0.15000233 0.37036838 0.        ]
[0.         0.62106666 0.03967054 0.06695683 0.         0.04444566
 0.16536406 0.         0.        ]
[0.         0.         0.66959003 0.15712387 0.         0.05669501
 0.05409409 0.         0.        ]
[0.         0.         0.         0.14198877 0.         0.10549619
 0.69001729 0.         0.        ]
[0.         0.         0.         0.77769214 0.         0.15980936
 0.         0.         0.        ]
[0.         0.         0.         0.         0.         0.93750075
 0.         0.         0.        ]
