[0.         0.15286789 0.05445689 0.12551387 0.         0.28858501
 0.12848165 0.18759918 0.        ]
[0.         0.71861283 0.05883195 0.05932389 0.         0.06713539
 0.03359969 0.         0.        ]
[0.         0.         0.69978208 0.0718458  0.         0.06542268
 0.10045244 0.         0.        ]
[0.         0.         0.         0.12286402 0.         0.15138315
 0.66325508 0.         0.        ]
[0.         0.         0.         0.74362544 0.         0.19387606
 0.         0.         0.        ]
[0.         0.         0.         0.         0.         0.93750075
 0.         0.         0.        ]
