[0.         0.17865088 0.0544549  0.05232863 0.         0.28047018
 0.07915732 0.29244259 0.        ]
[0.         0.66664094 0.06783112 0.06295898 0.         0.09909992
 0.04097278 0.         0.        ]
[0.         0.         0.64918927 0.04210891 0.         0.08128252
 0.1649223  0.         0.        ]
[0.         0.         0.         0.1147649  0.         0.06841976
 0.75431759 0.         0.        ]
[0.         0.         0.         0.86230846 0.         0.07519304
 0.         0.         0.        ]
[0.         0.         0.         0.         0.         0.93750075
 0.         0.         0.        ]
