[0.         0.28146344 0.08163878 0.05040399 0.         0.25103013
 0.05920117 0.21376698 0.        ]
[0.         0.12580261 0.09195399 0.55831769 0.         0.
 0.0511256  0.11030386 0.        ]
[0.         0.118845   0.10335041 0.         0.         0.
 0.63741204 0.07789555 0.        ]
[0.         0.06288913 0.7888647  0.         0.         0.
 0.         0.08574842 0.        ]
[0.         0.82482245 0.         0.         0.         0.
 0.         0.11267905 0.        ]
[0.         0.         0.         0.         0.         0.
 0.         0.93750075 0.        ]
