[0.         0.23911103 0.10640657 0.11939196 0.         0.26673936
 0.02954267 0.17631291 0.        ]
[0.         0.08016671 0.12895063 0.57695116 0.         0.
 0.09256176 0.05887348 0.        ]
[0.         0.09260737 0.10100257 0.         0.         0.
 0.61910767 0.1247854  0.        ]
[0.         0.04133729 0.78185339 0.         0.         0.
 0.         0.11431157 0.        ]
[0.         0.85163021 0.         0.         0.         0.
 0.         0.08587129 0.        ]
[0.         0.         0.         0.         0.         0.
 0.         0.93750075 0.        ]
