[0.         0.11705504 0.03864577 0.08201333 0.         0.20319926
 0.04053367 0.45605743 0.        ]
[0.         0.63163743 0.0488617  0.03682824 0.         0.14468608
 0.0754903  0.         0.        ]
[0.         0.         0.64844675 0.16477253 0.         0.08340693
 0.04087679 0.         0.        ]
[0.         0.         0.         0.12648694 0.         0.10871168
 0.70230363 0.         0.        ]
[0.         0.         0.         0.87970914 0.         0.05779236
 0.         0.         0.        ]
[0.         0.         0.         0.         0.         0.93750075
 0.         0.         0.        ]
