[0.         0.13357534 0.0604412  0.13195446 0.         0.21688712
 0.09276052 0.30188586 0.        ]
[0.         0.05675521 0.15156619 0.47536733 0.         0.
 0.0629405  0.19087451 0.        ]
[0.         0.17926191 0.06413223 0.         0.         0.
 0.61971307 0.07439579 0.        ]
[0.         0.04734954 0.75074107 0.         0.         0.
 0.         0.13941164 0.        ]
[0.         0.71660532 0.         0.         0.         0.
 0.         0.22089618 0.        ]
[0.         0.         0.         0.         0.         0.
 0.         0.93750075 0.        ]
