[0.         0.35831655 0.07715628 0.03569436 0.         0.18148619
 0.10188623 0.18296489 0.        ]
[0.         0.         0.08522967 0.0544679  0.         0.0455758
 0.07586466 0.67636573 0.        ]
[0.         0.         0.15746676 0.07822728 0.         0.12618091
 0.57562804 0.         0.        ]
[0.         0.         0.65378177 0.18459458 0.         0.0991259
 0.         0.         0.        ]
[0.         0.         0.         0.16556978 0.         0.77193172
 0.         0.         0.        ]
[0.         0.         0.         0.93750075 0.         0.
 0.         0.         0.        ]
