[0.         0.26103494 0.15437824 0.0374078  0.         0.2051969
 0.05106301 0.2284236  0.        ]
[0.         0.         0.07602171 0.10168413 0.         0.03969549
 0.09417422 0.62592819 0.        ]
[0.         0.         0.09250939 0.14870059 0.         0.08242752
 0.6138655  0.         0.        ]
[0.         0.         0.66402603 0.13923826 0.         0.13423796
 0.         0.         0.        ]
[0.        0.        0.        0.0967064 0.        0.8407951 0.
 0.        0.       ]
[0.         0.         0.         0.93750075 0.         0.
 0.         0.         0.        ]
