[0.         0.17053412 0.05008989 0.10255911 0.         0.25257031
 0.02573578 0.33601529 0.        ]
[0.         0.60990236 0.1212877  0.09119066 0.         0.06445398
 0.05066906 0.         0.        ]
[0.         0.         0.66252118 0.13147018 0.         0.10061288
 0.04289876 0.         0.        ]
[0.         0.         0.         0.18444267 0.         0.06330806
 0.68975153 0.         0.        ]
[0.         0.         0.         0.70083492 0.         0.23666658
 0.         0.         0.        ]
[0.         0.         0.         0.         0.         0.93750075
 0.         0.         0.        ]
