[0.         0.24235487 0.09038328 0.07472062 0.         0.21062667
 0.02973855 0.2896805  0.        ]
[0.         0.112913   0.10792015 0.59828052 0.         0.
 0.06007488 0.0583152  0.        ]
[0.         0.09061246 0.10206025 0.         0.         0.
 0.66386737 0.08096292 0.        ]
[0.         0.17469752 0.68427455 0.         0.         0.
 0.         0.07853018 0.        ]
[0.         0.83752942 0.         0.         0.         0.
 0.         0.09997208 0.        ]
[0.         0.         0.         0.         0.         0.
 0.         0.93750075 0.        ]
