[0.         0.13625427 0.0388613  0.13421931 0.         0.24791966
 0.09166911 0.28858085 0.        ]
[0.         0.09193626 0.09721003 0.61718037 0.         0.
 0.05192827 0.07924882 0.        ]
[0.         0.05665914 0.07689152 0.         0.         0.
 0.71655548 0.08739685 0.        ]
[0.         0.06044334 0.73891689 0.         0.         0.
 0.         0.13814202 0.        ]
[0.         0.81783929 0.         0.         0.         0.
 0.         0.11966221 0.        ]
[0.         0.         0.         0.         0.         0.
 0.         0.93750075 0.        ]
