[0.         0.20074339 0.07066366 0.03610947 0.         0.20155853
 0.09461413 0.33381531 0.        ]
[0.         0.61614998 0.0661859  0.08122839 0.         0.05927807
 0.11466141 0.         0.        ]
[0.         0.         0.64872849 0.13168272 0.         0.11258613
 0.04450566 0.         0.        ]
[0.         0.         0.         0.06576281 0.         0.22561576
 0.64612368 0.         0.        ]
[0.         0.         0.         0.86507341 0.         0.07242809
 0.         0.         0.        ]
[0.         0.         0.         0.         0.         0.93750075
 0.         0.         0.        ]
