[0.         0.18116886 0.05902172 0.04717724 0.         0.25401785
 0.0700473  0.32607152 0.        ]
[0.         0.60135056 0.07883141 0.09493249 0.         0.11679549
 0.04559381 0.         0.        ]
[0.         0.         0.68463016 0.03594643 0.         0.13219334
 0.08473308 0.         0.        ]
[0.         0.         0.         0.07074419 0.         0.08492746
 0.7818306  0.         0.        ]
[0.         0.         0.         0.77587165 0.         0.16162985
 0.         0.         0.        ]
[0.         0.         0.         0.         0.         0.93750075
 0.         0.         0.        ]
