[0.         0.14500736 0.09538337 0.10886557 0.         0.22336679
 0.03723369 0.32764773 0.        ]
[0.         0.60078637 0.10180544 0.05408423 0.         0.06897381
 0.11185389 0.         0.        ]
[0.         0.         0.69845602 0.05478941 0.         0.12053406
 0.06372351 0.         0.        ]
[0.         0.         0.         0.07275149 0.         0.23417224
 0.63057852 0.         0.        ]
[0.         0.         0.         0.84621562 0.         0.09128588
 0.         0.         0.        ]
[0.         0.         0.         0.         0.         0.93750075
 0.         0.         0.        ]
