[0.         0.11225408 0.06736026 0.08065293 0.         0.43315631
 0.05654219 0.18753873 0.        ]
[0.         0.06994538 0.12761055 0.66386782 0.         0.
 0.03713603 0.03894397 0.        ]
[0.         0.0563307  0.18207987 0.         0.         0.
 0.63642633 0.0626661  0.        ]
[0.         0.06491484 0.75986108 0.         0.         0.
 0.         0.11272633 0.        ]
[0.         0.87069912 0.         0.         0.         0.
 0.         0.06680238 0.        ]
[0.         0.         0.         0.         0.         0.
 0.         0.93750075 0.        ]
