[0.         0.22501664 0.03514903 0.12519926 0.         0.31755936
 0.04213032 0.19244989 0.        ]
[0.         0.         0.09383092 0.10523909 0.         0.05048662
 0.09807362 0.5898735  0.        ]
[0.         0.         0.10945636 0.16849568 0.         0.17629892
 0.48325204 0.         0.        ]
[0.         0.         0.66939091 0.17179723 0.         0.09631411
 0.         0.         0.        ]
[0.         0.         0.         0.21959084 0.         0.71791066
 0.         0.         0.        ]
[0.         0.         0.         0.93750075 0.         0.
 0.         0.         0.        ]
