[0.         0.14183718 0.05440476 0.08047371 0.         0.34013945
 0.11035608 0.21029333 0.        ]
[0.         0.56912833 0.08064444 0.10146814 0.         0.10746729
 0.07879555 0.         0.        ]
[0.         0.         0.61934921 0.16589162 0.         0.0669767
 0.08528547 0.         0.        ]
[0.         0.         0.         0.14486524 0.         0.11686
 0.67577701 0.         0.        ]
[0.         0.         0.         0.78328278 0.         0.15421872
 0.         0.         0.        ]
[0.         0.         0.         0.         0.         0.93750075
 0.         0.         0.        ]
