[0.         0.28555704 0.06733442 0.05009872 0.         0.19928342
 0.08106118 0.25416972 0.        ]
[0.         0.08564896 0.1216885  0.61043971 0.         0.
 0.06346386 0.05626271 0.        ]
[0.         0.10685966 0.09401354 0.         0.         0.
 0.63308112 0.10354867 0.        ]
[0.         0.16738967 0.70636279 0.         0.         0.
 0.         0.06374979 0.        ]
[0.         0.70796705 0.         0.         0.         0.
 0.         0.22953445 0.        ]
[0.         0.         0.         0.         0.         0.
 0.         0.93750075 0.        ]
