[0.         0.21309338 0.05743013 0.03851663 0.         0.1827751
 0.06831534 0.37737393 0.        ]
[0.         0.67065543 0.06504663 0.06957713 0.         0.0358017
 0.09642286 0.         0.        ]
[0.         0.         0.73080599 0.04961778 0.         0.11475837
 0.04232086 0.         0.        ]
[0.         0.         0.         0.04337382 0.         0.15902118
 0.73510725 0.         0.        ]
[0.         0.         0.         0.77658641 0.         0.16091509
 0.         0.         0.        ]
[0.         0.         0.         0.         0.         0.93750075
 0.         0.         0.        ]
