[0.         0.20701739 0.04549414 0.05050486 0.         0.21608203
 0.124672   0.29373409 0.        ]
[0.         0.6562854  0.09483617 0.06416529 0.         0.07588929
 0.04632761 0.         0.        ]
[0.         0.         0.66559972 0.04688594 0.         0.13462886
 0.09038848 0.         0.        ]
[0.         0.         0.         0.14049322 0.         0.13380321
 0.66320581 0.         0.        ]
[0.         0.         0.         0.77338847 0.         0.16411303
 0.         0.         0.        ]
[0.         0.         0.         0.         0.         0.93750075
 0.         0.         0.        ]
