[0.         0.1405299  0.04704534 0.07351755 0.         0.35422906
 0.03538031 0.28680234 0.        ]
[0.         0.         0.08742299 0.07390902 0.         0.12095366
 0.03635934 0.61885873 0.        ]
[0.         0.         0.09570714 0.12203723 0.         0.15097297
 0.56878566 0.         0.        ]
[0.         0.         0.64249899 0.13831631 0.         0.15668694
 0.         0.         0.        ]
[0.         0.         0.         0.21061161 0.         0.72688989
 0.         0.         0.        ]
[0.         0.         0.         0.93750075 0.         0.
 0.         0.         0.        ]
