[0.         0.15657896 0.04839202 0.08639131 0.         0.24708244
 0.07019052 0.32886924 0.        ]
[0.         0.63331161 0.05932852 0.06730101 0.         0.10853977
 0.06902285 0.         0.        ]
[0.         0.         0.6565891  0.06026476 0.         0.07448753
 0.14616162 0.         0.        ]
[0.         0.         0.         0.09469688 0.         0.09165397
 0.7511514  0.         0.        ]
[0.         0.         0.         0.67215806 0.         0.26534344
 0.         0.         0.        ]
[0.         0.         0.         0.         0.         0.93750075
 0.         0.         0.        ]
