[0.         0.15084485 0.04407688 0.07871065 0.         0.33140973
 0.03439812 0.29806427 0.        ]
[0.         0.60600042 0.0944804  0.09327311 0.         0.10864367
 0.03510616 0.         0.        ]
[0.         0.         0.64233435 0.09363649 0.         0.0645458
 0.13698636 0.         0.        ]
[0.         0.         0.         0.13064095 0.         0.16292666
 0.64393464 0.         0.        ]
[0.         0.         0.         0.71244985 0.         0.22505165
 0.         0.         0.        ]
[0.         0.         0.         0.         0.         0.93750075
 0.         0.         0.        ]
