[0.         0.11501058 0.05064643 0.12568782 0.         0.38814053
 0.03157754 0.22644159 0.        ]
[0.         0.63526554 0.09264138 0.06357474 0.         0.08497877
 0.06104332 0.         0.        ]
[0.         0.         0.65925403 0.11691148 0.         0.06803884
 0.09329865 0.         0.        ]
[0.         0.         0.         0.07600258 0.         0.11860552
 0.74289415 0.         0.        ]
[0.         0.         0.         0.75949742 0.         0.17800408
 0.         0.         0.        ]
[0.         0.         0.         0.         0.         0.93750075
 0.         0.         0.        ]
