[0.         0.11495477 0.09122519 0.06284142 0.         0.4223804
 0.0442319  0.20187084 0.        ]
[0.         0.13962857 0.05904351 0.59277735 0.         0.
 0.06983377 0.07622055 0.        ]
[0.         0.09641264 0.09177558 0.         0.         0.
 0.61067795 0.13863682 0.        ]
[0.         0.11822172 0.66882227 0.         0.         0.
 0.         0.15045827 0.        ]
[0.         0.74782345 0.         0.         0.         0.
 0.         0.18967805 0.        ]
[0.         0.         0.         0.         0.         0.
 0.         0.93750075 0.        ]
