[0.         0.10108265 0.05656706 0.11583201 0.         0.47199999
 0.04582785 0.14619495 0.        ]
[0.         0.05438202 0.04849032 0.70317441 0.         0.
 0.03723161 0.09422539 0.        ]
[0.         0.07682166 0.05054417 0.         0.         0.
 0.74046536 0.06967181 0.        ]
[0.         0.19115113 0.65635819 0.         0.         0.
 0.         0.08999293 0.        ]
[0.         0.87850197 0.         0.         0.         0.
 0.         0.05899953 0.        ]
[0.         0.         0.         0.         0.         0.
 0.         0.93750075 0.        ]
