[0.         0.14461444 0.03510264 0.11629979 0.         0.20454596
 0.07702446 0.35991721 0.        ]
[0.         0.58461964 0.05951236 0.07074309 0.         0.12963153
 0.09299714 0.         0.        ]
[0.         0.         0.72728355 0.05942358 0.         0.08176636
 0.06902951 0.         0.        ]
[0.         0.         0.         0.11683767 0.         0.20394952
 0.61671507 0.         0.        ]
[0.         0.         0.         0.79794052 0.         0.13956098
 0.         0.         0.        ]
[0.         0.         0.         0.         0.         0.93750075
 0.         0.         0.        ]
