[0.         0.10617763 0.05278158 0.14798489 0.         0.34522168
 0.08166924 0.20366948 0.        ]
[0.         0.0920054  0.07624253 0.65141544 0.         0.
 0.05793797 0.05990241 0.        ]
[0.         0.1710418  0.05792645 0.         0.         0.
 0.6376992  0.07083555 0.        ]
[0.         0.08380104 0.67190162 0.         0.         0.
 0.         0.18179959 0.        ]
[0.         0.80651308 0.         0.         0.         0.
 0.         0.13098842 0.        ]
[0.         0.         0.         0.         0.         0.
 0.         0.93750075 0.        ]
