[0.         0.13532439 0.08321545 0.11650295 0.         0.37594027
 0.07328844 0.15323301 0.        ]
[0.         0.06028072 0.07554745 0.57989079 0.         0.
 0.16342654 0.05835825 0.        ]
[0.         0.06288849 0.08618883 0.         0.         0.
 0.71762481 0.07080086 0.        ]
[0.         0.05693451 0.70742744 0.         0.         0.
 0.         0.1731403  0.        ]
[0.         0.87006646 0.         0.         0.         0.
 0.         0.06743504 0.        ]
[0.         0.         0.         0.         0.         0.
 0.         0.93750075 0.        ]
