[0.         0.15382285 0.05118508 0.08647924 0.         0.40507137
 0.08680529 0.15414067 0.        ]
[0.         0.04900466 0.17271123 0.60639031 0.         0.
 0.0715056  0.03789195 0.        ]
[0.         0.18910672 0.0681141  0.         0.         0.
 0.63967332 0.04060886 0.        ]
[0.         0.16681286 0.70150956 0.         0.         0.
 0.         0.06917983 0.        ]
[0.         0.73666417 0.         0.         0.         0.
 0.         0.20083733 0.        ]
[0.         0.         0.         0.         0.         0.
 0.         0.93750075 0.        ]
