[0.         0.21797469 0.06422895 0.07925359 0.         0.3133826
 0.04059969 0.22206498 0.        ]
[0.         0.08655254 0.1554841  0.59019008 0.         0.
 0.06696004 0.03831699 0.        ]
[0.         0.13307787 0.04965999 0.         0.         0.
 0.68360869 0.07115645 0.        ]
[0.         0.1178263  0.68436397 0.         0.         0.
 0.         0.13531198 0.        ]
[0.        0.8006131 0.        0.        0.        0.        0.
 0.1368884 0.       ]
[0.         0.         0.         0.         0.         0.
 0.         0.93750075 0.        ]
