[0.         0.11966588 0.05319357 0.08550524 0.         0.23795667
 0.09349948 0.34768365 0.        ]
[0.         0.05767212 0.27204919 0.43933599 0.         0.
 0.1211498  0.04729665 0.        ]
[0.         0.09690881 0.13686032 0.         0.         0.
 0.63172343 0.07201044 0.        ]
[0.         0.08662195 0.68689554 0.         0.         0.
 0.         0.16398476 0.        ]
[0.         0.84207912 0.         0.         0.         0.
 0.         0.09542238 0.        ]
[0.         0.         0.         0.         0.         0.
 0.         0.93750075 0.        ]
