[0.         0.313852   0.04288159 0.04437228 0.         0.23930768
 0.03656207 0.26052888 0.        ]
[0.         0.         0.1492767  0.0352783  0.         0.06573843
 0.06167208 0.62553823 0.        ]
[0.         0.         0.14386657 0.09248621 0.         0.13796694
 0.56318328 0.         0.        ]
[0.         0.         0.66439699 0.21999871 0.         0.05310655
 0.         0.         0.        ]
[0.         0.         0.         0.26369335 0.         0.67380815
 0.         0.         0.        ]
[0.         0.         0.         0.93750075 0.         0.
 0.         0.         0.        ]
