[0.         0.2743226  0.07787041 0.05344339 0.         0.29069252
 0.03346161 0.20771396 0.        ]
[0.         0.04486079 0.06814807 0.58947923 0.         0.
 0.1085383  0.12647737 0.        ]
[0.         0.07418102 0.10335986 0.         0.         0.
 0.60363817 0.15632395 0.        ]
[0.         0.06659447 0.70967616 0.         0.         0.
 0.         0.16123162 0.        ]
[0.         0.73683731 0.         0.         0.         0.
 0.         0.20066419 0.        ]
[0.         0.         0.         0.         0.         0.
 0.         0.93750075 0.        ]
