[0.         0.22058479 0.10486244 0.05042739 0.         0.23690698
 0.07737918 0.24734372 0.        ]
[0.         0.65060059 0.16662794 0.04458879 0.         0.03784917
 0.03783726 0.         0.        ]
[0.         0.         0.67857159 0.16006279 0.         0.04922634
 0.04964227 0.         0.        ]
[0.         0.         0.         0.14183651 0.         0.07809412
 0.71757163 0.         0.        ]
[0.         0.         0.         0.89133434 0.         0.04616716
 0.         0.         0.        ]
[0.         0.         0.         0.         0.         0.93750075
 0.         0.         0.        ]
