[0.         0.22231679 0.10219265 0.04176559 0.         0.19312205
 0.09592606 0.28218137 0.        ]
[0.         0.1172189  0.22060286 0.46563762 0.         0.
 0.08704192 0.04700245 0.        ]
[0.         0.18363413 0.05458005 0.         0.         0.
 0.58430395 0.11498487 0.        ]
[0.         0.09360045 0.77231851 0.         0.         0.
 0.         0.07158329 0.        ]
[0.         0.73583141 0.         0.         0.         0.
 0.         0.20167009 0.        ]
[0.         0.         0.         0.         0.         0.
 0.         0.93750075 0.        ]
