[0.         0.32820156 0.06207341 0.05254179 0.         0.22070615
 0.05876407 0.21521752 0.        ]
[0.         0.13175519 0.15076727 0.5658802  0.         0.
 0.04341095 0.04569015 0.        ]
[0.         0.17957266 0.0532174  0.         0.         0.
 0.57817407 0.12653888 0.        ]
[0.         0.09423073 0.7376042  0.         0.         0.
 0.         0.10566732 0.        ]
[0.         0.86264628 0.         0.         0.         0.
 0.         0.07485522 0.        ]
[0.         0.         0.         0.         0.         0.
 0.         0.93750075 0.        ]
