[0.         0.18145046 0.03932874 0.11671318 0.         0.24948548
 0.04117448 0.30935216 0.        ]
[0.         0.59563971 0.093335   0.05899255 0.         0.05916986
 0.13036663 0.         0.        ]
[0.         0.         0.6346544  0.14040741 0.         0.09130312
 0.07113807 0.         0.        ]
[0.         0.         0.         0.07526539 0.         0.20934518
 0.65289168 0.         0.        ]
[0.         0.         0.         0.84018415 0.         0.09731735
 0.         0.         0.        ]
[0.         0.         0.         0.         0.         0.93750075
 0.         0.         0.        ]
