[0.         0.14118018 0.08255209 0.07816524 0.         0.35524832
 0.06211541 0.21824326 0.        ]
[0.         0.07012768 0.06625781 0.64500417 0.         0.
 0.07520759 0.08090651 0.        ]
[0.         0.09072354 0.11133668 0.         0.         0.
 0.66320391 0.07223886 0.        ]
[0.         0.12390993 0.76889734 0.         0.         0.
 0.         0.04469497 0.        ]
[0.        0.770318  0.        0.        0.        0.        0.
 0.1671835 0.       ]
[0.         0.         0.         0.         0.         0.
 0.         0.93750075 0.        ]
