[0.         0.16143876 0.0354955  0.08208854 0.         0.18512077
 0.07047292 0.402888   0.        ]
[0.         0.62054098 0.08096543 0.06312547 0.         0.07518167
 0.0976902  0.         0.        ]
[0.         0.         0.67564373 0.05620924 0.         0.13276394
 0.07288609 0.         0.        ]
[0.         0.         0.         0.10083977 0.         0.15312429
 0.68353819 0.         0.        ]
[0.         0.         0.         0.75118216 0.         0.18631934
 0.         0.         0.        ]
[0.         0.         0.         0.         0.         0.93750075
 0.         0.         0.        ]
