[0.         0.15406816 0.05589458 0.1249227  0.         0.1953097
 0.06101471 0.34629465 0.        ]
[0.         0.6114888  0.08238628 0.1058517  0.         0.04256894
 0.09520803 0.         0.        ]
[0.         0.         0.74061307 0.08866761 0.         0.05739153
 0.05083078 0.         0.        ]
[0.         0.         0.         0.09696782 0.         0.16692984
 0.67360459 0.         0.        ]
[0.         0.         0.         0.82923478 0.         0.10826672
 0.         0.         0.        ]
[0.         0.         0.         0.         0.         0.93750075
 0.         0.         0.        ]
