[0.         0.10699146 0.07232334 0.0430295  0.         0.20892864
 0.03646646 0.4697651  0.        ]
[0.         0.65164729 0.05717594 0.03502332 0.         0.07044473
 0.12321247 0.         0.        ]
[0.         0.         0.68033396 0.04592706 0.         0.09343219
 0.11780979 0.         0.        ]
[0.         0.         0.         0.18387515 0.         0.08894378
 0.66468332 0.         0.        ]
[0.         0.         0.         0.85569518 0.         0.08180632
 0.         0.         0.        ]
[0.         0.         0.         0.         0.         0.93750075
 0.         0.         0.        ]
