[0.         0.11680588 0.04149562 0.07161576 0.         0.5101484
 0.04041825 0.1570206  0.        ]
[0.         0.06112701 0.09271325 0.65332362 0.         0.
 0.08005785 0.05028201 0.        ]
[0.         0.10218218 0.09473746 0.         0.         0.
 0.65510876 0.0854746  0.        ]
[0.         0.05651562 0.67925086 0.         0.         0.
 0.         0.20173577 0.        ]
[0.         0.81378794 0.         0.         0.         0.
 0.         0.12371356 0.        ]
[0.         0.         0.         0.         0.         0.
 0.         0.93750075 0.        ]
