[0.         0.31208546 0.06117398 0.06167439 0.         0.18232263
 0.11436758 0.20588047 0.        ]
[0.         0.         0.06939396 0.13380881 0.         0.03770845
 0.05863246 0.63796007 0.        ]
[0.         0.         0.06551498 0.11212577 0.         0.1385136
 0.62134865 0.         0.        ]
[0.         0.         0.66011489 0.05872199 0.         0.21866537
 0.         0.         0.        ]
[0.         0.         0.         0.22629741 0.         0.71120409
 0.         0.         0.        ]
[0.         0.         0.         0.93750075 0.         0.
 0.         0.         0.        ]
