[0.         0.19910139 0.05937661 0.04524531 0.         0.2310041
 0.03215756 0.37061953 0.        ]
[0.         0.64313987 0.13559798 0.05249943 0.         0.0735691
 0.03269737 0.         0.        ]
[0.         0.         0.67051919 0.08396075 0.         0.10211792
 0.08090515 0.         0.        ]
[0.         0.         0.         0.07018048 0.         0.14832646
 0.71899531 0.         0.        ]
[0.         0.         0.         0.77724424 0.         0.16025726
 0.         0.         0.        ]
[0.         0.         0.         0.         0.         0.93750075
 0.         0.         0.        ]
