[0.         0.22375963 0.0659516  0.08854852 0.         0.28167787
 0.05160344 0.22596344 0.        ]
[0.         0.0790557  0.18419292 0.5148474  0.         0.
 0.05929546 0.10011226 0.        ]
[0.         0.05125773 0.12976869 0.         0.         0.
 0.65579949 0.1006771  0.        ]
[0.         0.113091   0.71844475 0.         0.         0.
 0.         0.1059665  0.        ]
[0.         0.80640252 0.         0.         0.         0.
 0.         0.13109898 0.        ]
[0.         0.         0.         0.         0.         0.
 0.         0.93750075 0.        ]
