[0.         0.15580985 0.04689268 0.08206797 0.         0.37194243
 0.03077975 0.25001181 0.        ]
[0.         0.65082055 0.10996984 0.08522462 0.         0.05297514
 0.0385136  0.         0.        ]
[0.         0.         0.70686229 0.08857077 0.         0.05847117
 0.08359877 0.         0.        ]
[0.         0.         0.         0.21887587 0.         0.11066469
 0.6079617  0.         0.        ]
[0.         0.         0.         0.81762559 0.         0.11987591
 0.         0.         0.        ]
[0.         0.         0.         0.         0.         0.93750075
 0.         0.         0.        ]
