[0.         0.25119124 0.05154443 0.03958944 0.         0.23045379
 0.0828665  0.2818591  0.        ]
[0.         0.07932836 0.11048685 0.55348312 0.         0.
 0.14921658 0.04498884 0.        ]
[0.         0.1374758  0.07931566 0.         0.         0.
 0.62252842 0.09818312 0.        ]
[0.         0.11415602 0.71225347 0.         0.         0.
 0.         0.11109277 0.        ]
[0.         0.82561929 0.         0.         0.         0.
 0.         0.11188221 0.        ]
[0.         0.         0.         0.         0.         0.
 0.         0.93750075 0.        ]
