[0.         0.18775303 0.06090652 0.07514184 0.         0.27818694
 0.14441914 0.19109703 0.        ]
[0.         0.09599816 0.09873081 0.         0.         0.54211864
 0.10345225 0.09720389 0.        ]
[0.         0.12224795 0.4956938  0.         0.         0.
 0.11872604 0.20083521 0.        ]
[0.         0.16899222 0.         0.         0.         0.
 0.67447274 0.09403729 0.        ]
[0.         0.14704216 0.         0.         0.         0.
 0.         0.79045934 0.        ]
[0.         0.93750075 0.         0.         0.         0.
 0.         0.         0.        ]
