[0.         0.12756517 0.03459441 0.1726988  0.         0.21379251
 0.04092479 0.34792882 0.        ]
[0.         0.5970548  0.04967181 0.13688562 0.         0.08034482
 0.0735467  0.         0.        ]
[0.         0.         0.68297444 0.04495058 0.         0.04783426
 0.16174372 0.         0.        ]
[0.         0.         0.         0.05994384 0.         0.10409469
 0.77346373 0.         0.        ]
[0.         0.         0.         0.85030698 0.         0.08719452
 0.         0.         0.        ]
[0.         0.         0.         0.         0.         0.93750075
 0.         0.         0.        ]
