[0.         0.2180634  0.09503189 0.03563276 0.         0.17981447
 0.05178493 0.35717705 0.        ]
[0.         0.         0.07352327 0.06073812 0.         0.09320079
 0.0989786  0.61106297 0.        ]
[0.         0.         0.07940072 0.10404936 0.         0.15759407
 0.59645885 0.         0.        ]
[0.         0.         0.68132516 0.19813012 0.         0.05804697
 0.         0.         0.        ]
[0.         0.         0.         0.21674998 0.         0.72075152
 0.         0.         0.        ]
[0.         0.         0.         0.93750075 0.         0.
 0.         0.         0.        ]
