[0.         0.1488822  0.06733393 0.06842888 0.         0.34410933
 0.04131864 0.2674315  0.        ]
[0.         0.1079712  0.06857864 0.62068281 0.         0.
 0.05682801 0.08344309 0.        ]
[0.         0.08559917 0.07251785 0.         0.         0.
 0.7189196  0.06046638 0.        ]
[0.         0.11347605 0.67532456 0.         0.         0.
 0.         0.14870164 0.        ]
[0.        0.7374895 0.        0.        0.        0.        0.
 0.200012  0.       ]
[0.         0.         0.         0.         0.         0.
 0.         0.93750075 0.        ]
