[0.         0.17885083 0.03820192 0.14966737 0.         0.26221895
 0.040666   0.26789943 0.        ]
[0.         0.08421154 0.05264961 0.         0.         0.56375568
 0.16353655 0.07335038 0.        ]
[0.         0.16700351 0.38080519 0.         0.         0.
 0.11544857 0.27424574 0.        ]
[0.         0.20502305 0.         0.         0.         0.
 0.5983198  0.1341594  0.        ]
[0.         0.20300854 0.         0.         0.         0.
 0.         0.73449296 0.        ]
[0.         0.93750075 0.         0.         0.         0.
 0.         0.         0.        ]
