[0.         0.25560705 0.04995294 0.08616671 0.         0.25143486
 0.0622142  0.23212874 0.        ]
[0.         0.60287339 0.04441178 0.05423203 0.         0.11915889
 0.11682766 0.         0.        ]
[0.         0.         0.68517883 0.06335817 0.         0.15409286
 0.03487314 0.         0.        ]
[0.         0.         0.         0.22513249 0.         0.08738944
 0.62498032 0.         0.        ]
[0.         0.         0.         0.72024348 0.         0.21725802
 0.         0.         0.        ]
[0.         0.         0.         0.         0.         0.93750075
 0.         0.         0.        ]
