[0.         0.16336827 0.06673099 0.06395081 0.         0.25347484
 0.07473846 0.31524113 0.        ]
[0.         0.65870776 0.06067737 0.04741221 0.         0.08185261
 0.0888538  0.         0.        ]
[0.         0.         0.62871808 0.04222263 0.         0.16873706
 0.09782523 0.         0.        ]
[0.         0.         0.         0.17576002 0.         0.1307299
 0.63101233 0.         0.        ]
[0.         0.         0.         0.71952451 0.         0.21797699
 0.         0.         0.        ]
[0.         0.         0.         0.         0.         0.93750075
 0.         0.         0.        ]
