[0.         0.30225449 0.08799828 0.03780899 0.         0.20448773
 0.0300515  0.27490351 0.        ]
[0.         0.59168781 0.06346924 0.1716128  0.         0.05435444
 0.05637945 0.         0.        ]
[0.         0.         0.65336579 0.13421583 0.         0.08383891
 0.06608247 0.         0.        ]
[0.         0.         0.         0.08743605 0.         0.08846212
 0.76160408 0.         0.        ]
[0.         0.         0.         0.88063737 0.         0.05686413
 0.         0.         0.        ]
[0.         0.         0.         0.         0.         0.93750075
 0.         0.         0.        ]
