[0.         0.14967516 0.05580396 0.08957862 0.         0.17546198
 0.05015924 0.41682553 0.        ]
[0.         0.65413924 0.07906588 0.10387733 0.         0.02951203
 0.07090928 0.         0.        ]
[0.         0.         0.70432119 0.04341729 0.         0.07924923
 0.11051528 0.         0.        ]
[0.         0.         0.         0.14845086 0.         0.0964874
 0.69256399 0.         0.        ]
[0.         0.         0.         0.76327755 0.         0.17422395
 0.         0.         0.        ]
[0.         0.         0.         0.         0.         0.93750075
 0.         0.         0.        ]
