[0.         0.15089606 0.07125522 0.11170213 0.         0.32014838
 0.05477703 0.22872568 0.        ]
[0.         0.06305799 0.18685514 0.58626283 0.         0.
 0.07140578 0.02992201 0.        ]
[0.         0.05650226 0.18528439 0.         0.         0.
 0.6542584  0.04145795 0.        ]
[0.         0.06334073 0.66876781 0.         0.         0.
 0.         0.20539371 0.        ]
[0.        0.8460525 0.        0.        0.        0.        0.
 0.091449  0.       ]
[0.         0.         0.         0.         0.         0.
 0.         0.93750075 0.        ]
