[0.         0.19378191 0.07810924 0.06680253 0.         0.23796117
 0.04423943 0.31661021 0.        ]
[0.         0.61493138 0.09166362 0.10207784 0.         0.03310055
 0.09573036 0.         0.        ]
[0.         0.         0.67246162 0.05592974 0.         0.04521505
 0.1638966  0.         0.        ]
[0.         0.         0.         0.17782526 0.         0.08810295
 0.67157404 0.         0.        ]
[0.         0.         0.         0.88121523 0.         0.05628627
 0.         0.         0.        ]
[0.         0.         0.         0.         0.         0.93750075
 0.         0.         0.        ]
