[0.         0.21750823 0.09634975 0.07714494 0.         0.17217554
 0.03271677 0.34160926 0.        ]
[0.         0.64397178 0.06415459 0.13556897 0.         0.03447962
 0.05932879 0.         0.        ]
[0.         0.         0.68355763 0.0396047  0.         0.16699483
 0.04734584 0.         0.        ]
[0.         0.         0.         0.04237134 0.         0.21846449
 0.67666642 0.         0.        ]
[0.         0.         0.         0.70046924 0.         0.23703226
 0.         0.         0.        ]
[0.         0.         0.         0.         0.         0.93750075
 0.         0.         0.        ]
