[0.         0.13618904 0.05635139 0.13244731 0.         0.30184921
 0.04208385 0.26858372 0.        ]
[0.         0.08737257 0.0655808  0.62432082 0.         0.
 0.11601889 0.04421068 0.        ]
[0.         0.14048175 0.05271181 0.         0.         0.
 0.62988932 0.11442012 0.        ]
[0.         0.05499841 0.79615154 0.         0.         0.
 0.         0.08635229 0.        ]
[0.         0.74902221 0.         0.         0.         0.
 0.         0.18847929 0.        ]
[0.         0.         0.         0.         0.         0.
 0.         0.93750075 0.        ]
