[0.         0.20614228 0.13027387 0.0363275  0.         0.18994484
 0.04108359 0.33373241 0.        ]
[0.         0.65173993 0.06035778 0.0511966  0.         0.05190379
 0.12230564 0.         0.        ]
[0.         0.         0.63664213 0.15893698 0.         0.04946528
 0.09245861 0.         0.        ]
[0.         0.         0.         0.07008247 0.         0.12976524
 0.73765454 0.         0.        ]
[0.         0.         0.         0.73494258 0.         0.20255892
 0.         0.         0.        ]
[0.         0.         0.         0.         0.         0.93750075
 0.         0.         0.        ]
