[0.         0.27551812 0.06951899 0.04386872 0.         0.18196795
 0.08107637 0.28555434 0.        ]
[0.         0.09358408 0.20803045 0.50857451 0.         0.
 0.06487655 0.06243817 0.        ]
[0.         0.16892136 0.09967202 0.         0.         0.
 0.61162829 0.05728133 0.        ]
[0.         0.19354058 0.69409313 0.         0.         0.
 0.         0.04986854 0.        ]
[0.         0.75427821 0.         0.         0.         0.
 0.         0.18322329 0.        ]
[0.         0.         0.         0.         0.         0.
 0.         0.93750075 0.        ]
