[0.         0.16282691 0.05880843 0.10415274 0.         0.33013855
 0.04079886 0.24077902 0.        ]
[0.         0.05286046 0.08163765 0.68448788 0.         0.
 0.07388367 0.0446341  0.        ]
[0.         0.15718743 0.09848377 0.         0.         0.
 0.62355761 0.05827418 0.        ]
[0.         0.04829792 0.77129306 0.         0.         0.
 0.         0.11791126 0.        ]
[0.         0.70430663 0.         0.         0.         0.
 0.         0.23319487 0.        ]
[0.         0.         0.         0.         0.         0.
 0.         0.93750075 0.        ]
