[0.         0.13973219 0.06116078 0.06935179 0.         0.19492937
 0.07681193 0.39551844 0.        ]
[0.         0.65152684 0.07676423 0.08879383 0.         0.03600227
 0.08441658 0.         0.        ]
[0.         0.         0.66744976 0.06061215 0.         0.16131015
 0.04813095 0.         0.        ]
[0.         0.         0.         0.08204542 0.         0.20486833
 0.6505885  0.         0.        ]
[0.         0.         0.         0.87489762 0.         0.06260388
 0.         0.         0.        ]
[0.         0.         0.         0.         0.         0.93750075
 0.         0.         0.        ]
