[0.         0.19226702 0.09400661 0.06136865 0.         0.18840113
 0.06265648 0.3388046  0.        ]
[0.         0.64431968 0.07779341 0.12625951 0.         0.05128649
 0.03784466 0.         0.        ]
[0.         0.         0.78337547 0.05745888 0.         0.03622388
 0.06044477 0.         0.        ]
[0.         0.         0.         0.09558193 0.         0.08811204
 0.75380828 0.         0.        ]
[0.         0.         0.         0.88056534 0.         0.05693616
 0.         0.         0.        ]
[0.         0.         0.         0.         0.         0.93750075
 0.         0.         0.        ]
