[0.         0.23102928 0.04909626 0.06006039 0.         0.35187949
 0.05152145 0.19391762 0.        ]
[0.         0.         0.06151312 0.07437061 0.         0.11341992
 0.04504189 0.64315821 0.        ]
[0.         0.         0.19493153 0.09760201 0.         0.13662074
 0.50834872 0.         0.        ]
[0.         0.         0.66286124 0.04954528 0.         0.22509573
 0.         0.         0.        ]
[0.         0.         0.         0.22714763 0.         0.71035387
 0.         0.         0.        ]
[0.         0.         0.         0.93750075 0.         0.
 0.         0.         0.        ]
