[0.         0.13292652 0.08814049 0.14371113 0.         0.25660899
 0.04363181 0.27248556 0.        ]
[0.         0.13540495 0.07823799 0.56414119 0.         0.
 0.05856644 0.10115317 0.        ]
[0.         0.06418179 0.12658677 0.         0.         0.
 0.69866068 0.04807376 0.        ]
[0.         0.12863866 0.71853781 0.         0.         0.
 0.         0.09032578 0.        ]
[0.         0.74354317 0.         0.         0.         0.
 0.         0.19395833 0.        ]
[0.         0.         0.         0.         0.         0.
 0.         0.93750075 0.        ]
