[0.         0.24480706 0.05647699 0.06771638 0.         0.22846717
 0.07587643 0.26416048 0.        ]
[0.         0.62727989 0.14520814 0.05026048 0.         0.07715288
 0.03760236 0.         0.        ]
[0.         0.         0.72518405 0.06485186 0.         0.03816476
 0.10930233 0.         0.        ]
[0.         0.         0.         0.2082421  0.         0.06803479
 0.66122537 0.         0.        ]
[0.        0.        0.        0.7743943 0.        0.1631072 0.
 0.        0.       ]
[0.         0.         0.         0.         0.         0.93750075
 0.         0.         0.        ]
