[0.         0.18820183 0.0854571  0.08805485 0.         0.25020559
 0.04125924 0.2843259  0.        ]
[0.         0.         0.06543758 0.05755314 0.         0.08899403
 0.05518259 0.67033641 0.        ]
[0.         0.         0.10030027 0.12864862 0.         0.15054016
 0.55801394 0.         0.        ]
[0.         0.         0.77895162 0.09770917 0.         0.06084146
 0.         0.         0.        ]
[0.         0.         0.         0.22910562 0.         0.70839588
 0.         0.         0.        ]
[0.         0.         0.         0.93750075 0.         0.
 0.         0.         0.        ]
