[0.         0.2712409  0.04574857 0.12592483 0.         0.22270649
 0.05335685 0.21852687 0.        ]
[0.         0.         0.04410145 0.06415733 0.         0.02990927
 0.18458659 0.61474911 0.        ]
[0.         0.         0.16818537 0.10172911 0.         0.10380261
 0.56378592 0.         0.        ]
[0.         0.         0.73240154 0.14839365 0.         0.05670706
 0.         0.         0.        ]
[0.         0.         0.         0.10173067 0.         0.83577083
 0.         0.         0.        ]
[0.         0.         0.         0.93750075 0.         0.
 0.         0.         0.        ]
