[0.         0.28429622 0.06901359 0.0830979  0.         0.13660862
 0.11972777 0.24476041 0.        ]
[0.         0.         0.14482819 0.04448434 0.         0.14146709
 0.06025821 0.54646592 0.        ]
[0.         0.         0.15167447 0.11913151 0.         0.0986007
 0.56809633 0.         0.        ]
[0.         0.         0.65686432 0.11040312 0.         0.17023482
 0.         0.         0.        ]
[0.         0.         0.         0.09786524 0.         0.83963626
 0.         0.         0.        ]
[0.         0.         0.         0.93750075 0.         0.
 0.         0.         0.        ]
