[0.         0.16656607 0.05902903 0.08056971 0.         0.28571327
 0.06730968 0.27831674 0.        ]
[0.         0.59013854 0.06841772 0.07917264 0.         0.05501544
 0.14475942 0.         0.        ]
[0.         0.         0.73769914 0.06187498 0.         0.08482238
 0.0531065  0.         0.        ]
[0.         0.         0.         0.1445355  0.         0.21304343
 0.57992333 0.         0.        ]
[0.         0.         0.         0.73771477 0.         0.19978673
 0.         0.         0.        ]
[0.         0.         0.         0.         0.         0.93750075
 0.         0.         0.        ]
