[0.         0.13537041 0.08000244 0.07821935 0.         0.18804404
 0.05530097 0.40056728 0.        ]
[0.         0.59071085 0.04983192 0.049699   0.         0.08156719
 0.16569479 0.         0.        ]
[0.         0.         0.67342482 0.03747551 0.         0.1255424
 0.10106027 0.         0.        ]
[0.         0.         0.         0.05597695 0.         0.19683777
 0.68468753 0.         0.        ]
[0.         0.         0.         0.72237468 0.         0.21512682
 0.         0.         0.        ]
[0.         0.         0.         0.         0.         0.93750075
 0.         0.         0.        ]
