[0.         0.12079661 0.05945796 0.081912   0.         0.25065703
 0.02855811 0.39612278 0.        ]
[0.         0.70918141 0.06597145 0.05131862 0.         0.0453261
 0.06570616 0.         0.        ]
[0.         0.         0.665992   0.14078034 0.         0.09090124
 0.03982942 0.         0.        ]
[0.         0.         0.         0.05447991 0.         0.19256897
 0.69045337 0.         0.        ]
[0.         0.         0.         0.87739667 0.         0.06010483
 0.         0.         0.        ]
[0.         0.         0.         0.         0.         0.93750075
 0.         0.         0.        ]
