[0.         0.15931864 0.04505574 0.22306831 0.         0.25645159
 0.057314   0.19629623 0.        ]
[0.         0.14675505 0.12635268 0.51632147 0.         0.
 0.08255195 0.0655226  0.        ]
[0.         0.06872586 0.05777582 0.         0.         0.
 0.62332533 0.18767598 0.        ]
[0.         0.0727414  0.66746087 0.         0.         0.
 0.         0.19729997 0.        ]
[0.         0.77856979 0.         0.         0.         0.
 0.         0.15893171 0.        ]
[0.         0.         0.         0.         0.         0.
 0.         0.93750075 0.        ]
