[0.         0.19603686 0.11581352 0.09634945 0.         0.2705717
 0.03387797 0.22485501 0.        ]
[0.         0.         0.11636112 0.09753087 0.         0.1092748
 0.0836495  0.53068747 0.        ]
[0.         0.         0.08188108 0.0763174  0.         0.25912274
 0.52018178 0.         0.        ]
[0.         0.         0.7700117  0.06407968 0.         0.10341087
 0.         0.         0.        ]
[0.         0.         0.         0.16891367 0.         0.76858783
 0.         0.         0.        ]
[0.         0.         0.         0.93750075 0.         0.
 0.         0.         0.        ]
