[0.         0.11462164 0.04060293 0.05727057 0.         0.43797784
 0.10851882 0.17851269 0.        ]
[0.         0.06541654 0.05046122 0.63982019 0.         0.
 0.10885461 0.07295119 0.        ]
[0.         0.15324597 0.09598884 0.         0.         0.
 0.6346479  0.05362029 0.        ]
[0.         0.0868705  0.77124077 0.         0.         0.
 0.         0.07939098 0.        ]
[0.         0.80034263 0.         0.         0.         0.
 0.         0.13715887 0.        ]
[0.         0.         0.         0.         0.         0.
 0.         0.93750075 0.        ]
