[0.         0.22470611 0.10635839 0.08660086 0.         0.25905184
 0.04577913 0.21500818 0.        ]
[0.         0.63274737 0.11695508 0.11378261 0.         0.03519072
 0.03882797 0.         0.        ]
[0.         0.         0.62354186 0.17139725 0.         0.0830933
 0.05947059 0.         0.        ]
[0.         0.         0.         0.12582953 0.         0.13181519
 0.67985753 0.         0.        ]
[0.         0.         0.         0.85147785 0.         0.08602365
 0.         0.         0.        ]
[0.         0.         0.         0.         0.         0.93750075
 0.         0.         0.        ]
