[0.         0.17582021 0.05272537 0.06851987 0.         0.23780968
 0.10139278 0.3012366  0.        ]
[0.         0.58654885 0.04147318 0.10174582 0.         0.11086901
 0.09686688 0.         0.        ]
[0.         0.         0.63330356 0.10248674 0.         0.11470392
 0.08700878 0.         0.        ]
[0.         0.         0.         0.13728775 0.         0.10981983
 0.69039467 0.         0.        ]
[0.         0.         0.         0.73278796 0.         0.20471354
 0.         0.         0.        ]
[0.         0.         0.         0.         0.         0.93750075
 0.         0.         0.        ]
