[0.         0.08093231 0.05287055 0.08927993 0.         0.41446095
 0.09305625 0.20690451 0.        ]
[0.         0.07700942 0.05995987 0.65732368 0.         0.
 0.0781665  0.06504428 0.        ]
[0.         0.04865132 0.16499935 0.         0.         0.
 0.67091459 0.05293774 0.        ]
[0.         0.08088396 0.76203801 0.         0.         0.
 0.         0.09458028 0.        ]
[0.         0.74529637 0.         0.         0.         0.
 0.         0.19220513 0.        ]
[0.         0.         0.         0.         0.         0.
 0.         0.93750075 0.        ]
