[0.         0.13013137 0.03127688 0.07088764 0.         0.3298159
 0.05919857 0.31619415 0.        ]
[0.         0.10269821 0.14632454 0.5446553  0.         0.
 0.06833253 0.07549317 0.        ]
[0.         0.10690649 0.12971579 0.         0.         0.
 0.64554445 0.05533627 0.        ]
[0.         0.0608991  0.74893139 0.         0.         0.
 0.         0.12767175 0.        ]
[0.         0.78137648 0.         0.         0.         0.
 0.         0.15612502 0.        ]
[0.         0.         0.         0.         0.         0.
 0.         0.93750075 0.        ]
