[0.         0.26262682 0.07928336 0.0839528  0.         0.20718234
 0.05214396 0.25231523 0.        ]
[0.         0.         0.12703381 0.04241349 0.         0.05587105
 0.11449054 0.59769486 0.        ]
[0.         0.         0.12199063 0.09171076 0.         0.13859467
 0.58520693 0.         0.        ]
[0.         0.         0.73410829 0.11043006 0.         0.0929639
 0.         0.         0.        ]
[0.         0.         0.         0.26285893 0.         0.67464257
 0.         0.         0.        ]
[0.         0.         0.         0.93750075 0.         0.
 0.         0.         0.        ]
