[0.         0.10888099 0.04208837 0.12877871 0.         0.33728158
 0.10005478 0.22042007 0.        ]
[0.         0.09133122 0.08700545 0.57533072 0.         0.
 0.14698713 0.03684923 0.        ]
[0.         0.10226978 0.06423082 0.         0.         0.
 0.65077793 0.12022446 0.        ]
[0.         0.07395509 0.70071541 0.         0.         0.
 0.         0.16283175 0.        ]
[0.         0.78432177 0.         0.         0.         0.
 0.         0.15317973 0.        ]
[0.         0.         0.         0.         0.         0.
 0.         0.93750075 0.        ]
