[0.         0.1195469  0.0614253  0.08635658 0.         0.28281555
 0.05515479 0.33220538 0.        ]
[0.         0.61917915 0.03990638 0.16697059 0.         0.05933043
 0.0521172  0.         0.        ]
[0.         0.         0.65420727 0.05887794 0.         0.09344693
 0.13097087 0.         0.        ]
[0.         0.         0.         0.15519494 0.         0.09203665
 0.69027066 0.         0.        ]
[0.         0.         0.         0.73834238 0.         0.19915912
 0.         0.         0.        ]
[0.         0.         0.         0.         0.         0.93750075
 0.         0.         0.        ]
