[0.         0.24230059 0.02998397 0.06370672 0.         0.37413769
 0.04741794 0.17995759 0.        ]
[0.         0.11217139 0.09639491 0.58935349 0.         0.
 0.07080245 0.0687815  0.        ]
[0.         0.17850604 0.05279981 0.         0.         0.
 0.61268858 0.09350857 0.        ]
[0.         0.11178322 0.68381925 0.         0.         0.
 0.         0.14189978 0.        ]
[0.         0.85232051 0.         0.         0.         0.
 0.         0.08518099 0.        ]
[0.         0.         0.         0.         0.         0.
 0.         0.93750075 0.        ]
