[0.         0.10965709 0.02911625 0.07184591 0.         0.37116391
 0.06455792 0.29116341 0.        ]
[0.         0.05383053 0.07599389 0.69648919 0.         0.
 0.06978308 0.04140706 0.        ]
[0.         0.05783161 0.13152758 0.         0.         0.
 0.64555725 0.10258656 0.        ]
[0.         0.04162867 0.78440847 0.         0.         0.
 0.         0.11146511 0.        ]
[0.         0.79883545 0.         0.         0.         0.
 0.         0.13866605 0.        ]
[0.         0.         0.         0.         0.         0.
 0.         0.93750075 0.        ]
