[0.         0.16862979 0.14897389 0.06983597 0.         0.26158108
 0.04566639 0.24281739 0.        ]
[0.         0.05557968 0.06265591 0.61829248 0.         0.
 0.06181093 0.13916474 0.        ]
[0.         0.17403331 0.06351726 0.         0.         0.
 0.59209966 0.10785277 0.        ]
[0.         0.04885738 0.78994514 0.         0.         0.
 0.         0.09869973 0.        ]
[0.         0.85230045 0.         0.         0.         0.
 0.         0.08520105 0.        ]
[0.         0.         0.         0.         0.         0.
 0.         0.93750075 0.        ]
