[0.         0.12198626 0.03119907 0.16300457 0.         0.34941508
 0.04588    0.22601952 0.        ]
[0.         0.07776879 0.07351002 0.55540401 0.         0.
 0.15600846 0.07481247 0.        ]
[0.         0.16799886 0.05894337 0.         0.         0.
 0.63713049 0.07343028 0.        ]
[0.         0.04394359 0.70600858 0.         0.         0.
 0.         0.18755009 0.        ]
[0.        0.8445876 0.        0.        0.        0.        0.
 0.0929139 0.       ]
[0.         0.         0.         0.         0.         0.
 0.         0.93750075 0.        ]
