[0.         0.1678523  0.04167875 0.09438811 0.         0.25135358
 0.04350195 0.3387298  0.        ]
[0.         0.         0.16162163 0.06517077 0.         0.03506919
 0.0878322  0.58780996 0.        ]
[0.         0.         0.16670703 0.11523664 0.         0.11313532
 0.54242401 0.         0.        ]
[0.         0.         0.68491954 0.06677998 0.         0.18580273
 0.         0.         0.        ]
[0.         0.         0.         0.17205974 0.         0.76544176
 0.         0.         0.        ]
[0.         0.         0.         0.93750075 0.         0.
 0.         0.         0.        ]
