[0.         0.17977286 0.06654731 0.08870707 0.         0.1976089
 0.10654767 0.29832069 0.        ]
[0.         0.         0.15091077 0.08943781 0.         0.05416461
 0.08616458 0.55682599 0.        ]
[0.         0.         0.14080787 0.083104   0.         0.12374003
 0.58985109 0.         0.        ]
[0.         0.         0.68244528 0.13555574 0.         0.11950123
 0.         0.         0.        ]
[0.         0.         0.         0.26473317 0.         0.67276833
 0.         0.         0.        ]
[0.         0.         0.         0.93750075 0.         0.
 0.         0.         0.        ]
