[0.         0.26351053 0.0496697  0.09916358 0.         0.22012776
 0.11364063 0.1913923  0.        ]
[0.         0.60185404 0.07867267 0.04467016 0.         0.06652483
 0.14578207 0.         0.        ]
[0.         0.         0.7361899  0.04769976 0.         0.07716103
 0.07645232 0.         0.        ]
[0.         0.         0.         0.13773712 0.         0.09450274
 0.70526239 0.         0.        ]
[0.         0.         0.         0.73787226 0.         0.19962924
 0.         0.         0.        ]
[0.         0.         0.         0.         0.         0.93750075
 0.         0.         0.        ]
