[0.         0.16864408 0.08335068 0.07853368 0.         0.26746343
 0.11777548 0.22173714 0.        ]
[0.         0.09029338 0.14920835 0.5862715  0.         0.
 0.05337007 0.05836045 0.        ]
[0.         0.06938099 0.08319135 0.         0.         0.
 0.73710789 0.04782277 0.        ]
[0.         0.08438757 0.69346267 0.         0.         0.
 0.         0.15965201 0.        ]
[0.         0.71258509 0.         0.         0.         0.
 0.         0.22491641 0.        ]
[0.         0.         0.         0.         0.         0.
 0.         0.93750075 0.        ]
