[0.         0.26298903 0.07830477 0.0720764  0.         0.26830319
 0.05471172 0.20111938 0.        ]
[0.         0.         0.11621619 0.09228376 0.         0.08604112
 0.07720759 0.56575509 0.        ]
[0.         0.         0.17669339 0.05237845 0.         0.15809049
 0.55034066 0.         0.        ]
[0.         0.         0.67105565 0.10112941 0.         0.1653172
 0.         0.         0.        ]
[0.        0.        0.        0.1337863 0.        0.8037152 0.
 0.        0.       ]
[0.         0.         0.         0.93750075 0.         0.
 0.         0.         0.        ]
