[0.         0.14339466 0.08828666 0.09980766 0.         0.20044178
 0.05248068 0.35309305 0.        ]
[0.         0.         0.07430514 0.10902757 0.         0.04771969
 0.10197333 0.60447803 0.        ]
[0.         0.         0.10983912 0.18439158 0.         0.11346267
 0.52980963 0.         0.        ]
[0.         0.         0.6882115  0.05716914 0.         0.19212161
 0.         0.         0.        ]
[0.         0.         0.         0.26546637 0.         0.67203513
 0.         0.         0.        ]
[0.         0.         0.         0.93750075 0.         0.
 0.         0.         0.        ]
