[0.         0.309212   0.05380702 0.080249   0.         0.19693496
 0.0453228  0.25197873 0.        ]
[0.         0.         0.07282745 0.04959308 0.         0.09560355
 0.0753055  0.64417418 0.        ]
[0.         0.         0.08439989 0.10072838 0.         0.13311812
 0.61925662 0.         0.        ]
[0.         0.         0.69094137 0.10646863 0.         0.14009225
 0.         0.         0.        ]
[0.         0.         0.         0.24017346 0.         0.69732804
 0.         0.         0.        ]
[0.         0.         0.         0.93750075 0.         0.
 0.         0.         0.        ]
