[0.         0.13383799 0.04264278 0.09243907 0.         0.41761642
 0.06201732 0.18895092 0.        ]
[0.         0.07036753 0.12846316 0.61019335 0.         0.
 0.07731625 0.05116346 0.        ]
[0.         0.12525426 0.11503092 0.         0.         0.
 0.62496039 0.07225743 0.        ]
[0.         0.16577454 0.71089219 0.         0.         0.
 0.         0.06083552 0.        ]
[0.         0.78197895 0.         0.         0.         0.
 0.         0.15552255 0.        ]
[0.         0.         0.         0.         0.         0.
 0.         0.93750075 0.        ]
