[0.         0.17238407 0.15189361 0.07224168 0.         0.2746832
 0.03627095 0.23003099 0.        ]
[0.         0.03615541 0.13070477 0.61093036 0.         0.
 0.05223545 0.10747777 0.        ]
[0.         0.12110816 0.14491095 0.         0.         0.
 0.59756223 0.07392167 0.        ]
[0.         0.07349551 0.70735951 0.         0.         0.
 0.         0.15664723 0.        ]
[0.        0.7894914 0.        0.        0.        0.        0.
 0.1480101 0.       ]
[0.         0.         0.         0.         0.         0.
 0.         0.93750075 0.        ]
