[0.         0.10571402 0.12368798 0.06395255 0.         0.33736657
 0.03617457 0.27060881 0.        ]
[0.         0.06798593 0.07700012 0.61378311 0.         0.
 0.07713945 0.10159515 0.        ]
[0.         0.06240281 0.17550854 0.         0.         0.
 0.62182349 0.07776816 0.        ]
[0.         0.11384061 0.73527811 0.         0.         0.
 0.         0.08838353 0.        ]
[0.         0.70978205 0.         0.         0.         0.
 0.         0.22771945 0.        ]
[0.         0.         0.         0.         0.         0.
 0.         0.93750075 0.        ]
