[0.         0.2198294  0.12155005 0.09342916 0.         0.12936009
 0.04078892 0.33254688 0.        ]
[0.         0.65032976 0.06515151 0.0417115  0.         0.07623654
 0.10407444 0.         0.        ]
[0.         0.         0.64953051 0.05810539 0.         0.10231698
 0.12755012 0.         0.        ]
[0.         0.         0.         0.101199   0.         0.07569963
 0.76060362 0.         0.        ]
[0.         0.         0.         0.75830936 0.         0.17919214
 0.         0.         0.        ]
[0.         0.         0.         0.         0.         0.93750075
 0.         0.         0.        ]
