[0.         0.17257292 0.07010797 0.05653276 0.         0.30550037
 0.02957695 0.30321352 0.        ]
[0.         0.62468183 0.05729148 0.11324783 0.         0.06456174
 0.07772088 0.         0.        ]
[0.         0.         0.74801834 0.06099159 0.         0.08255185
 0.04594122 0.         0.        ]
[0.         0.         0.         0.09290335 0.         0.14126899
 0.70332991 0.         0.        ]
[0.        0.        0.        0.736508  0.        0.2009935 0.
 0.        0.       ]
[0.         0.         0.         0.         0.         0.93750075
 0.         0.         0.        ]
