[0.         0.27294797 0.08407399 0.04227411 0.         0.26645651
 0.0521339  0.21961802 0.        ]
[0.         0.         0.0697549  0.06884078 0.         0.06584118
 0.13493069 0.59813619 0.        ]
[0.         0.         0.07692135 0.05775093 0.         0.23218716
 0.57064356 0.         0.        ]
[0.         0.         0.70186344 0.05311424 0.         0.18252457
 0.         0.         0.        ]
[0.         0.         0.         0.23716496 0.         0.70033654
 0.         0.         0.        ]
[0.         0.         0.         0.93750075 0.         0.
 0.         0.         0.        ]
