[0.         0.14012907 0.05961449 0.07979636 0.         0.25202812
 0.14581267 0.26012377 0.        ]
[0.         0.58096954 0.05711619 0.06460282 0.         0.08570443
 0.14911078 0.         0.        ]
[0.         0.         0.67368634 0.07934    0.         0.06149022
 0.12298643 0.         0.        ]
[0.         0.         0.         0.13216555 0.         0.12920968
 0.67612702 0.         0.        ]
[0.         0.         0.         0.77959088 0.         0.15791062
 0.         0.         0.        ]
[0.         0.         0.         0.         0.         0.93750075
 0.         0.         0.        ]
