[0.         0.26199497 0.04237833 0.09069124 0.         0.27157982
 0.09579357 0.17506656 0.        ]
[0.         0.6482486  0.10224439 0.04687286 0.         0.07883559
 0.06130232 0.         0.        ]
[0.         0.         0.61502899 0.06203647 0.         0.19564803
 0.06478951 0.         0.        ]
[0.         0.         0.         0.10330852 0.         0.11563323
 0.7185605  0.         0.        ]
[0.         0.         0.         0.80224691 0.         0.13525459
 0.         0.         0.        ]
[0.         0.         0.         0.         0.         0.93750075
 0.         0.         0.        ]
