[0.         0.13607554 0.11192706 0.10258674 0.         0.28446967
 0.03804318 0.2644023  0.        ]
[0.         0.5837596  0.10509725 0.09334869 0.         0.12148002
 0.03381819 0.         0.        ]
[0.         0.         0.63123472 0.15652976 0.         0.07913976
 0.07059875 0.         0.        ]
[0.         0.         0.         0.20492392 0.         0.14041492
 0.59216341 0.         0.        ]
[0.         0.         0.         0.80177076 0.         0.13573074
 0.         0.         0.        ]
[0.         0.         0.         0.         0.         0.93750075
 0.         0.         0.        ]
