[0.         0.11057047 0.06493792 0.06282696 0.         0.28166115
 0.10317433 0.31433367 0.        ]
[0.         0.05551478 0.14743266 0.55175297 0.         0.
 0.10945317 0.07335016 0.        ]
[0.         0.13013183 0.06576628 0.         0.         0.
 0.69474745 0.04685744 0.        ]
[0.         0.16219158 0.71288311 0.         0.         0.
 0.         0.06242756 0.        ]
[0.         0.78357748 0.         0.         0.         0.
 0.         0.15392402 0.        ]
[0.         0.         0.         0.         0.         0.
 0.         0.93750075 0.        ]
