[0.         0.14292056 0.04755875 0.07313869 0.         0.36189158
 0.08780263 0.22419229 0.        ]
[0.         0.11183242 0.059988   0.66047991 0.         0.
 0.05072536 0.05447806 0.        ]
[0.         0.06365867 0.17509067 0.         0.         0.
 0.60857542 0.09017824 0.        ]
[0.         0.1199975  0.73095187 0.         0.         0.
 0.         0.08655289 0.        ]
[0.         0.71811767 0.         0.         0.         0.
 0.         0.21938383 0.        ]
[0.         0.         0.         0.         0.         0.
 0.         0.93750075 0.        ]
