[0.         0.08965239 0.05278928 0.05656778 0.         0.19656921
 0.04276552 0.49916031 0.        ]
[0.         0.66012869 0.04953909 0.05855913 0.         0.12378364
 0.04549321 0.         0.        ]
[0.         0.         0.71176043 0.11031465 0.         0.06061568
 0.05481224 0.         0.        ]
[0.         0.         0.         0.14791709 0.         0.07710484
 0.71248032 0.         0.        ]
[0.         0.         0.         0.81310782 0.         0.12439368
 0.         0.         0.        ]
[0.         0.         0.         0.         0.         0.93750075
 0.         0.         0.        ]
