[0.         0.28863474 0.03953781 0.04021977 0.         0.25834292
 0.10063579 0.21013347 0.        ]
[0.         0.08653209 0.1159651  0.61025222 0.         0.
 0.05465628 0.07009805 0.        ]
[0.         0.06482911 0.11479971 0.         0.         0.
 0.60016725 0.15770693 0.        ]
[0.         0.17925133 0.68813623 0.         0.         0.
 0.         0.07011469 0.        ]
[0.         0.81210243 0.         0.         0.         0.
 0.         0.12539907 0.        ]
[0.         0.         0.         0.         0.         0.
 0.         0.93750075 0.        ]
