[0.         0.24255659 0.03528667 0.08427732 0.         0.18942267
 0.05922604 0.32673521 0.        ]
[0.         0.60761547 0.06483895 0.14412539 0.         0.06726573
 0.05365821 0.         0.        ]
[0.         0.         0.64083136 0.08773512 0.         0.08939319
 0.11954333 0.         0.        ]
[0.         0.         0.         0.16675992 0.         0.14018405
 0.63055828 0.         0.        ]
[0.         0.         0.         0.78595209 0.         0.15154941
 0.         0.         0.        ]
[0.         0.         0.         0.         0.         0.93750075
 0.         0.         0.        ]
