[0.         0.17090573 0.06891021 0.06053639 0.         0.22499297
 0.07213001 0.34002919 0.        ]
[0.         0.6417091  0.06580478 0.04949139 0.         0.14222336
 0.03827512 0.         0.        ]
[0.         0.         0.69421187 0.04272084 0.         0.1567545
 0.04381579 0.         0.        ]
[0.         0.         0.         0.11308459 0.         0.12848249
 0.69593517 0.         0.        ]
[0.         0.         0.         0.79053573 0.         0.14696577
 0.         0.         0.        ]
[0.         0.         0.         0.         0.         0.93750075
 0.         0.         0.        ]
