[0.         0.17380189 0.05695421 0.0580975  0.         0.22056837
 0.03317312 0.3949094  0.        ]
[0.         0.64238585 0.0575066  0.0519952  0.         0.13423493
 0.05138117 0.         0.        ]
[0.         0.         0.74059424 0.03489127 0.         0.07922867
 0.08278881 0.         0.        ]
[0.         0.         0.         0.13783016 0.         0.09403412
 0.70563796 0.         0.        ]
[0.         0.         0.         0.85165647 0.         0.08584503
 0.         0.         0.        ]
[0.         0.         0.         0.         0.         0.93750075
 0.         0.         0.        ]
