[0.         0.35241504 0.04207508 0.08429102 0.         0.20132052
 0.03897297 0.21842987 0.        ]
[0.         0.         0.13849267 0.04128933 0.         0.04627451
 0.06722953 0.6442177  0.        ]
[0.         0.         0.18014204 0.06593876 0.         0.08225843
 0.60916377 0.         0.        ]
[0.         0.         0.74026193 0.0629657  0.         0.13427462
 0.         0.         0.        ]
[0.         0.         0.         0.12834221 0.         0.80915929
 0.         0.         0.        ]
[0.         0.         0.         0.93750075 0.         0.
 0.         0.         0.        ]
