[0.         0.12910422 0.12311049 0.10094207 0.         0.23607801
 0.03543954 0.31283017 0.        ]
[0.         0.63730071 0.09214042 0.09880754 0.         0.05301536
 0.05623971 0.         0.        ]
[0.         0.         0.69865732 0.0516143  0.         0.07325902
 0.11397236 0.         0.        ]
[0.         0.         0.         0.21820248 0.         0.09489208
 0.62440769 0.         0.        ]
[0.         0.         0.         0.76166742 0.         0.17583408
 0.         0.         0.        ]
[0.         0.         0.         0.         0.         0.93750075
 0.         0.         0.        ]
