[0.         0.25920296 0.06429476 0.05425181 0.         0.13971007
 0.08816696 0.33187794 0.        ]
[0.         0.60181458 0.07819528 0.08698366 0.         0.09734456
 0.07316567 0.         0.        ]
[0.         0.         0.62932193 0.0608218  0.         0.07290054
 0.17445873 0.         0.        ]
[0.         0.         0.         0.11556866 0.         0.10628167
 0.71565192 0.         0.        ]
[0.         0.         0.         0.83479979 0.         0.10270171
 0.         0.         0.        ]
[0.         0.         0.         0.         0.         0.93750075
 0.         0.         0.        ]
