[0.         0.16129991 0.0590453  0.04333925 0.         0.19943919
 0.10272167 0.37165917 0.        ]
[0.         0.60333492 0.04963856 0.09586058 0.         0.06898854
 0.11968116 0.         0.        ]
[0.         0.         0.66583923 0.06074378 0.         0.14003405
 0.07088594 0.         0.        ]
[0.         0.         0.         0.15508929 0.         0.05108368
 0.73132928 0.         0.        ]
[0.         0.         0.         0.73199238 0.         0.20550912
 0.         0.         0.        ]
[0.         0.         0.         0.         0.         0.93750075
 0.         0.         0.        ]
