[0.         0.17964515 0.05632809 0.06461887 0.         0.285067
 0.07029316 0.28155223 0.        ]
[0.         0.69511342 0.04963472 0.09388645 0.         0.04961602
 0.04925315 0.         0.        ]
[0.         0.         0.63921579 0.09114934 0.         0.12348827
 0.0836496  0.         0.        ]
[0.         0.         0.         0.19391916 0.         0.12652782
 0.61705527 0.         0.        ]
[0.         0.         0.         0.71255351 0.         0.22494799
 0.         0.         0.        ]
[0.         0.         0.         0.         0.         0.93750075
 0.         0.         0.        ]
