[0.         0.17269332 0.10458589 0.12763348 0.         0.25936556
 0.07032899 0.20289725 0.        ]
[0.         0.07864892 0.10273764 0.60066919 0.         0.
 0.08719488 0.06825311 0.        ]
[0.         0.0526884  0.07536749 0.         0.         0.
 0.74689206 0.06255505 0.        ]
[0.         0.06416634 0.6648698  0.         0.         0.
 0.         0.20846611 0.        ]
[0.        0.8616655 0.        0.        0.        0.        0.
 0.075836  0.       ]
[0.         0.         0.         0.         0.         0.
 0.         0.93750075 0.        ]
