[0.         0.25636361 0.04361846 0.06672145 0.         0.26839782
 0.03144887 0.27095428 0.        ]
[0.         0.70419036 0.0558112  0.03817835 0.         0.10052478
 0.03879906 0.         0.        ]
[0.         0.         0.72066625 0.13010339 0.         0.04444711
 0.04228625 0.         0.        ]
[0.         0.         0.         0.05487332 0.         0.18377747
 0.69885146 0.         0.        ]
[0.         0.         0.         0.71751999 0.         0.21998151
 0.         0.         0.        ]
[0.         0.         0.         0.         0.         0.93750075
 0.         0.         0.        ]
