[0.         0.25642859 0.05914406 0.06715777 0.         0.14058819
 0.08255487 0.33163101 0.        ]
[0.         0.         0.15211374 0.06834476 0.         0.06458025
 0.03832837 0.61413664 0.        ]
[0.         0.         0.17131186 0.0458308  0.         0.10151236
 0.61884798 0.         0.        ]
[0.         0.         0.70288234 0.13681333 0.         0.09780658
 0.         0.         0.        ]
[0.         0.         0.         0.23158818 0.         0.70591332
 0.         0.         0.        ]
[0.         0.         0.         0.93750075 0.         0.
 0.         0.         0.        ]
