[0.         0.19525682 0.06903161 0.11681471 0.         0.23645247
 0.03404083 0.28590806 0.        ]
[0.         0.62625126 0.03775267 0.11713727 0.         0.04985301
 0.10650953 0.         0.        ]
[0.         0.         0.6604146  0.13761538 0.         0.05517043
 0.0843026  0.         0.        ]
[0.         0.         0.         0.13313359 0.         0.15163726
 0.6527314  0.         0.        ]
[0.         0.         0.         0.74765335 0.         0.18984815
 0.         0.         0.        ]
[0.         0.         0.         0.         0.         0.93750075
 0.         0.         0.        ]
