[0.         0.1641078  0.05234939 0.07666488 0.         0.22518583
 0.04907833 0.37011828 0.        ]
[0.         0.68046525 0.05605737 0.11706494 0.         0.0417511
 0.04216508 0.         0.        ]
[0.         0.         0.73194504 0.06010681 0.         0.07108375
 0.0743674  0.         0.        ]
[0.         0.         0.         0.06124922 0.         0.11675501
 0.75949802 0.         0.        ]
[0.         0.         0.         0.83014229 0.         0.10735921
 0.         0.         0.        ]
[0.         0.         0.         0.         0.         0.93750075
 0.         0.         0.        ]
