[0.         0.16642838 0.07107126 0.03489962 0.         0.22265491
 0.03377564 0.40867469 0.        ]
[0.         0.1457894  0.14119057 0.51283934 0.         0.
 0.06964808 0.06803636 0.        ]
[0.         0.13414613 0.05751154 0.         0.         0.
 0.57474843 0.1710969  0.        ]
[0.         0.15676686 0.68728655 0.         0.         0.
 0.         0.09344884 0.        ]
[0.         0.87678355 0.         0.         0.         0.
 0.         0.06071795 0.        ]
[0.         0.         0.         0.         0.         0.
 0.         0.93750075 0.        ]
