[0.         0.18914986 0.03857153 0.04531135 0.         0.22162047
 0.10583025 0.33702104 0.        ]
[0.         0.         0.05910046 0.06130874 0.         0.03708081
 0.13971931 0.64029442 0.        ]
[0.         0.         0.08081991 0.14512227 0.         0.16162943
 0.54993139 0.         0.        ]
[0.         0.         0.80004837 0.08163331 0.         0.05582057
 0.         0.         0.        ]
[0.         0.         0.         0.07704073 0.         0.86046077
 0.         0.         0.        ]
[0.         0.         0.         0.93750075 0.         0.
 0.         0.         0.        ]
