[0.         0.19241004 0.04094588 0.06508314 0.         0.19707224
 0.03227892 0.40971428 0.        ]
[0.         0.66020062 0.07845198 0.09066657 0.         0.05147086
 0.05671371 0.         0.        ]
[0.         0.         0.64970783 0.12581855 0.         0.08852838
 0.07344824 0.         0.        ]
[0.         0.         0.         0.14582708 0.         0.08906028
 0.70261489 0.         0.        ]
[0.         0.         0.         0.68227937 0.         0.25522213
 0.         0.         0.        ]
[0.         0.         0.         0.         0.         0.93750075
 0.         0.         0.        ]
