[0.         0.12836325 0.10116198 0.08781087 0.         0.39907436
 0.04469484 0.1763992  0.        ]
[0.         0.59298444 0.05425214 0.11414131 0.         0.05668288
 0.11944297 0.         0.        ]
[0.         0.         0.63846883 0.09671491 0.         0.04818104
 0.15413823 0.         0.        ]
[0.         0.         0.         0.1664191  0.         0.08447869
 0.68660446 0.         0.        ]
[0.         0.         0.         0.69280425 0.         0.24469725
 0.         0.         0.        ]
[0.         0.         0.         0.         0.         0.93750075
 0.         0.         0.        ]
