[0.         0.22030863 0.0988029  0.08667588 0.         0.31871139
 0.05042147 0.16258424 0.        ]
[0.         0.         0.11994065 0.09372332 0.         0.04323614
 0.04480948 0.63579416 0.        ]
[0.         0.         0.17539459 0.08469437 0.         0.11389634
 0.56351771 0.         0.        ]
[0.         0.         0.66020732 0.18322816 0.         0.09406677
 0.         0.         0.        ]
[0.         0.         0.         0.13256445 0.         0.80493705
 0.         0.         0.        ]
[0.         0.         0.         0.93750075 0.         0.
 0.         0.         0.        ]
