[0.         0.25029948 0.03338503 0.0677128  0.         0.1786691
 0.09863789 0.3088002  0.        ]
[0.         0.         0.09097565 0.06211904 0.         0.03742773
 0.14754771 0.59943362 0.        ]
[0.         0.         0.0657285  0.07406574 0.         0.17939867
 0.61831008 0.         0.        ]
[0.         0.         0.69105781 0.07657874 0.         0.1698657
 0.         0.         0.        ]
[0.         0.         0.         0.22574702 0.         0.71175448
 0.         0.         0.        ]
[0.         0.         0.         0.93750075 0.         0.
 0.         0.         0.        ]
