[0.         0.14385945 0.03599087 0.09154653 0.         0.34939876
 0.11806903 0.19863987 0.        ]
[0.         0.11393144 0.10389639 0.5544438  0.         0.
 0.09925235 0.06597977 0.        ]
[0.         0.04349581 0.13203427 0.         0.         0.
 0.63615851 0.12581441 0.        ]
[0.         0.16679004 0.70754624 0.         0.         0.
 0.         0.06316597 0.        ]
[0.         0.81112437 0.         0.         0.         0.
 0.         0.12637713 0.        ]
[0.         0.         0.         0.         0.         0.
 0.         0.93750075 0.        ]
