[0.         0.16539566 0.0642674  0.06247314 0.         0.34089828
 0.0813661  0.22310392 0.        ]
[0.         0.11708377 0.08499432 0.56737999 0.         0.
 0.06577448 0.10227119 0.        ]
[0.         0.10723577 0.07384089 0.         0.         0.
 0.6717738  0.08465254 0.        ]
[0.         0.08004049 0.75852955 0.         0.         0.
 0.         0.09893221 0.        ]
[0.         0.88300849 0.         0.         0.         0.
 0.         0.05449301 0.        ]
[0.         0.         0.         0.         0.         0.
 0.         0.93750075 0.        ]
