[0.         0.15147069 0.0892399  0.06981994 0.         0.37240769
 0.08132156 0.17324471 0.        ]
[0.         0.04439465 0.08214059 0.62980093 0.         0.
 0.12872684 0.05244075 0.        ]
[0.         0.14201466 0.08402102 0.         0.         0.
 0.65514592 0.05632141 0.        ]
[0.         0.10789687 0.69981308 0.         0.         0.
 0.         0.1297923  0.        ]
[0.        0.853838  0.        0.        0.        0.        0.
 0.0836635 0.       ]
[0.         0.         0.         0.         0.         0.
 0.         0.93750075 0.        ]
