[0.         0.19004934 0.10760643 0.07265322 0.         0.21211853
 0.03109995 0.32397704 0.        ]
[0.         0.66648975 0.08866089 0.08440849 0.         0.04727466
 0.05066997 0.         0.        ]
[0.         0.         0.6779842  0.11770363 0.         0.04803467
 0.09378049 0.         0.        ]
[0.         0.         0.         0.07256848 0.         0.09871496
 0.7662188  0.         0.        ]
[0.         0.         0.         0.81664098 0.         0.12086052
 0.         0.         0.        ]
[0.         0.         0.         0.         0.         0.93750075
 0.         0.         0.        ]
