[0.         0.1668849  0.07588839 0.06622513 0.         0.38705463
 0.05493527 0.18651617 0.        ]
[0.         0.05219013 0.1405691  0.60302615 0.         0.
 0.04522917 0.0964892  0.        ]
[0.         0.04303742 0.1293277  0.         0.         0.
 0.68856643 0.07657145 0.        ]
[0.         0.11105256 0.69314059 0.         0.         0.
 0.         0.1333091  0.        ]
[0.         0.76454966 0.         0.         0.         0.
 0.         0.17295184 0.        ]
[0.         0.         0.         0.         0.         0.
 0.         0.93750075 0.        ]
