[0.         0.18834379 0.06835682 0.11423357 0.         0.24376679
 0.05306641 0.26973712 0.        ]
[0.         0.06013768 0.06701281 0.6371785  0.         0.
 0.10204138 0.07113338 0.        ]
[0.         0.06136001 0.06269729 0.         0.         0.
 0.74337802 0.07006769 0.        ]
[0.         0.13884015 0.71537394 0.         0.         0.
 0.         0.08328816 0.        ]
[0.         0.87030323 0.         0.         0.         0.
 0.         0.06719827 0.        ]
[0.         0.         0.         0.         0.         0.
 0.         0.93750075 0.        ]
