[0.         0.2161488  0.07979468 0.06093071 0.         0.21097089
 0.04826778 0.32139164 0.        ]
[0.         0.70618064 0.09894923 0.04408472 0.         0.03228237
 0.05600678 0.         0.        ]
[0.         0.         0.68824885 0.11805794 0.         0.08144443
 0.04975178 0.         0.        ]
[0.         0.         0.         0.12797088 0.         0.09558039
 0.71395099 0.         0.        ]
[0.         0.         0.         0.71633033 0.         0.22117117
 0.         0.         0.        ]
[0.         0.         0.         0.         0.         0.93750075
 0.         0.         0.        ]
