[0.         0.14970654 0.06481986 0.1031756  0.         0.27657238
 0.09160317 0.25162694 0.        ]
[0.         0.63237323 0.05442832 0.06605752 0.         0.13000278
 0.0546419  0.         0.        ]
[0.         0.         0.67731193 0.06625612 0.         0.04214253
 0.15179241 0.         0.        ]
[0.         0.         0.         0.08795609 0.         0.17729302
 0.67225314 0.         0.        ]
[0.         0.         0.         0.70618074 0.         0.23132076
 0.         0.         0.        ]
[0.         0.         0.         0.         0.         0.93750075
 0.         0.         0.        ]
