[0.         0.22528344 0.04498658 0.05346107 0.         0.22670706
 0.03371959 0.35334677 0.        ]
[0.         0.59980192 0.04583449 0.19675208 0.         0.04237997
 0.05273529 0.         0.        ]
[0.         0.         0.71043103 0.04373933 0.         0.04499657
 0.13833606 0.         0.        ]
[0.         0.         0.         0.05772225 0.         0.2418746
 0.6379054  0.         0.        ]
[0.         0.         0.         0.76446226 0.         0.17303924
 0.         0.         0.        ]
[0.         0.         0.         0.         0.         0.93750075
 0.         0.         0.        ]
