[0.         0.18412495 0.07079377 0.05522312 0.         0.3619823
 0.06116749 0.20421287 0.        ]
[0.         0.         0.13022689 0.09029233 0.         0.051388
 0.05497629 0.61062023 0.        ]
[0.         0.         0.07340929 0.18769109 0.         0.16939943
 0.50700319 0.         0.        ]
[0.         0.         0.65560773 0.10443279 0.         0.17746173
 0.         0.         0.        ]
[0.         0.         0.         0.26722476 0.         0.67027674
 0.         0.         0.        ]
[0.         0.         0.         0.93750075 0.         0.
 0.         0.         0.        ]
