[0.         0.19677434 0.10276658 0.07322543 0.         0.15463941
 0.03395113 0.3761476  0.        ]
[0.         0.65801002 0.03748853 0.14346403 0.         0.05298642
 0.04555476 0.         0.        ]
[0.         0.         0.62704372 0.17755883 0.         0.0693931
 0.06350735 0.         0.        ]
[0.         0.         0.         0.09423541 0.         0.20099624
 0.6422706  0.         0.        ]
[0.         0.         0.         0.84822307 0.         0.08927843
 0.         0.         0.        ]
[0.         0.         0.         0.         0.         0.93750075
 0.         0.         0.        ]
