[0.         0.19729479 0.06839681 0.09570326 0.         0.30162383
 0.03361955 0.24086626 0.        ]
[0.         0.07667482 0.12643398 0.51807171 0.         0.
 0.06403727 0.15228597 0.        ]
[0.         0.05901982 0.09925846 0.         0.         0.
 0.6304595  0.14876521 0.        ]
[0.         0.04667652 0.6793986  0.         0.         0.
 0.         0.21142714 0.        ]
[0.         0.83088222 0.         0.         0.         0.
 0.         0.10661928 0.        ]
[0.         0.         0.         0.         0.         0.
 0.         0.93750075 0.        ]
