[0.         0.16866034 0.05919576 0.12635828 0.         0.2754474
 0.04313441 0.26470831 0.        ]
[0.         0.67845632 0.07052685 0.05910956 0.         0.08612915
 0.04328187 0.         0.        ]
[0.         0.         0.64410428 0.0989525  0.         0.13874594
 0.05570028 0.         0.        ]
[0.         0.         0.         0.0960754  0.         0.20435341
 0.63707344 0.         0.        ]
[0.         0.         0.         0.80216315 0.         0.13533835
 0.         0.         0.        ]
[0.         0.         0.         0.         0.         0.93750075
 0.         0.         0.        ]
