[0.         0.15915102 0.05506187 0.0854495  0.         0.29882963
 0.08683936 0.2521731  0.        ]
[0.         0.05513193 0.0679044  0.57189937 0.         0.
 0.10935547 0.13321259 0.        ]
[0.         0.07451434 0.08817294 0.         0.         0.
 0.64121627 0.13359945 0.        ]
[0.         0.10923082 0.78272133 0.         0.         0.
 0.         0.0455501  0.        ]
[0.         0.70457626 0.         0.         0.         0.
 0.         0.23292524 0.        ]
[0.         0.         0.         0.         0.         0.
 0.         0.93750075 0.        ]
