[0.         0.11123028 0.03960521 0.10021161 0.         0.35655063
 0.07815816 0.25174861 0.        ]
[0.         0.05583613 0.12256634 0.57725927 0.         0.
 0.10898511 0.07285691 0.        ]
[0.         0.09047436 0.08951689 0.         0.         0.
 0.6413265  0.11618525 0.        ]
[0.         0.10334998 0.75816686 0.         0.         0.
 0.         0.0759854  0.        ]
[0.         0.73860499 0.         0.         0.         0.
 0.         0.19889651 0.        ]
[0.         0.         0.         0.         0.         0.
 0.         0.93750075 0.        ]
