[0.         0.17862374 0.08050904 0.06943728 0.         0.2533875
 0.07705296 0.27849398 0.        ]
[0.         0.65258248 0.061307   0.07968579 0.         0.03826439
 0.1056641  0.         0.        ]
[0.         0.         0.65703663 0.14788981 0.         0.07376253
 0.05881403 0.         0.        ]
[0.         0.         0.         0.0849042  0.         0.16464843
 0.68794962 0.         0.        ]
[0.         0.         0.         0.69236589 0.         0.24513561
 0.         0.         0.        ]
[0.         0.         0.         0.         0.         0.93750075
 0.         0.         0.        ]
