[0.         0.22263589 0.15354056 0.0493922  0.         0.29509344
 0.04793877 0.16890364 0.        ]
[0.         0.         0.04419807 0.06295432 0.         0.11337153
 0.1037748  0.61320502 0.        ]
[0.         0.         0.08069087 0.11287138 0.         0.18983396
 0.55410678 0.         0.        ]
[0.         0.         0.71618788 0.08452233 0.         0.13679204
 0.         0.         0.        ]
[0.         0.         0.         0.28459112 0.         0.65291038
 0.         0.         0.        ]
[0.         0.         0.         0.93750075 0.         0.
 0.         0.         0.        ]
