[0.         0.26468192 0.06107359 0.04024478 0.         0.30272947
 0.08150195 0.18727279 0.        ]
[0.         0.         0.11598354 0.08880792 0.         0.04710835
 0.05414811 0.63145583 0.        ]
[0.         0.         0.15470689 0.11709042 0.         0.10473102
 0.56097466 0.         0.        ]
[0.         0.         0.68642793 0.07105941 0.         0.18001491
 0.         0.         0.        ]
[0.        0.        0.        0.2461145 0.        0.691387  0.
 0.        0.       ]
[0.         0.         0.         0.93750075 0.         0.
 0.         0.         0.        ]
