[0.         0.21709394 0.05809061 0.10223578 0.         0.28306139
 0.08841549 0.18860729 0.        ]
[0.         0.08520713 0.19937669 0.5443148  0.         0.
 0.03931163 0.06929349 0.        ]
[0.         0.14279624 0.06154229 0.         0.         0.
 0.62354407 0.10962039 0.        ]
[0.         0.13168435 0.67627737 0.         0.         0.
 0.         0.12954053 0.        ]
[0.         0.83322807 0.         0.         0.         0.
 0.         0.10427343 0.        ]
[0.         0.         0.         0.         0.         0.
 0.         0.93750075 0.        ]
