[0.         0.18995068 0.05308893 0.08478938 0.         0.24499199
 0.07337839 0.29130513 0.        ]
[0.         0.07730941 0.14682939 0.59874632 0.         0.
 0.07428724 0.04033139 0.        ]
[0.         0.09004902 0.06881731 0.         0.         0.
 0.60375439 0.17488227 0.        ]
[0.         0.06418372 0.81566318 0.         0.         0.
 0.         0.05765535 0.        ]
[0.         0.86453106 0.         0.         0.         0.
 0.         0.07297044 0.        ]
[0.         0.         0.         0.         0.         0.
 0.         0.93750075 0.        ]
