[0.         0.23858545 0.04094422 0.04741505 0.         0.23798033
 0.06112945 0.31145    0.        ]
[0.         0.59350883 0.10630914 0.106231   0.         0.06040334
 0.07105143 0.         0.        ]
[0.         0.         0.65026611 0.05728638 0.         0.16709445
 0.06285605 0.         0.        ]
[0.         0.         0.         0.07824108 0.         0.21273415
 0.64652703 0.         0.        ]
[0.         0.         0.         0.78599422 0.         0.15150728
 0.         0.         0.        ]
[0.         0.         0.         0.         0.         0.93750075
 0.         0.         0.        ]
