[0.         0.15132206 0.1073247  0.05867496 0.         0.39034483
 0.04266224 0.18717571 0.        ]
[0.         0.15370983 0.04450872 0.61170439 0.         0.
 0.056986   0.07059481 0.        ]
[0.         0.10234453 0.0960405  0.         0.         0.
 0.61748169 0.12163628 0.        ]
[0.         0.09325342 0.72926951 0.         0.         0.
 0.         0.11497932 0.        ]
[0.         0.85347041 0.         0.         0.         0.
 0.         0.08403109 0.        ]
[0.         0.         0.         0.         0.         0.
 0.         0.93750075 0.        ]
