[0.         0.1617535  0.08431451 0.06853107 0.         0.34848187
 0.03943505 0.23498851 0.        ]
[0.         0.07217743 0.07186874 0.62342633 0.         0.
 0.11186452 0.05816672 0.        ]
[0.         0.07712216 0.14591906 0.         0.         0.
 0.6337544  0.08070737 0.        ]
[0.         0.06413798 0.75909666 0.         0.         0.
 0.         0.11426761 0.        ]
[0.        0.7961289 0.        0.        0.        0.        0.
 0.1413726 0.       ]
[0.         0.         0.         0.         0.         0.
 0.         0.93750075 0.        ]
