[0.         0.12184582 0.04784505 0.08344146 0.         0.19044918
 0.08891927 0.40500373 0.        ]
[0.         0.65492097 0.04975405 0.07896818 0.         0.04410253
 0.10975803 0.         0.        ]
[0.         0.         0.64362995 0.05776191 0.         0.17793068
 0.05818046 0.         0.        ]
[0.         0.         0.         0.1827292  0.         0.07014187
 0.68463118 0.         0.        ]
[0.         0.         0.         0.76738142 0.         0.17012008
 0.         0.         0.        ]
[0.         0.         0.         0.         0.         0.93750075
 0.         0.         0.        ]
