[0.         0.14354171 0.07907527 0.05662567 0.         0.20507897
 0.05837311 0.39480977 0.        ]
[0.         0.62379798 0.04434325 0.06516109 0.         0.11964437
 0.08455706 0.         0.        ]
[0.         0.         0.641946   0.04928233 0.         0.07579091
 0.17048376 0.         0.        ]
[0.         0.         0.         0.10118643 0.         0.1764605
 0.65985532 0.         0.        ]
[0.         0.         0.         0.84762545 0.         0.08987605
 0.         0.         0.        ]
[0.         0.         0.         0.         0.         0.93750075
 0.         0.         0.        ]
