[0.         0.18861286 0.05289554 0.07219773 0.         0.32601385
 0.05107085 0.24671367 0.        ]
[0.         0.13388553 0.17120951 0.53493578 0.         0.
 0.06374865 0.03372427 0.        ]
[0.         0.06394229 0.12333361 0.         0.         0.
 0.63446168 0.11576542 0.        ]
[0.         0.10941235 0.7367287  0.         0.         0.
 0.         0.0913612  0.        ]
[0.         0.74024865 0.         0.         0.         0.
 0.         0.19725285 0.        ]
[0.         0.         0.         0.         0.         0.
 0.         0.93750075 0.        ]
