[0.         0.13805596 0.03797484 0.05986661 0.         0.27977678
 0.04928965 0.37254067 0.        ]
[0.         0.59280616 0.08297413 0.12749992 0.         0.07224138
 0.06198216 0.         0.        ]
[0.         0.         0.66983693 0.05474951 0.         0.17642335
 0.03649321 0.         0.        ]
[0.         0.         0.         0.20000859 0.         0.08199287
 0.6555008  0.         0.        ]
[0.         0.         0.         0.83493799 0.         0.10256351
 0.         0.         0.        ]
[0.         0.         0.         0.         0.         0.93750075
 0.         0.         0.        ]
