[0.         0.18458166 0.06823828 0.08584863 0.         0.20686723
 0.06931021 0.32265848 0.        ]
[0.         0.57232758 0.0582933  0.0634962  0.         0.1363008
 0.10708587 0.         0.        ]
[0.         0.         0.70851529 0.0728669  0.         0.06254649
 0.09357432 0.         0.        ]
[0.         0.         0.         0.10137737 0.         0.23302176
 0.60310312 0.         0.        ]
[0.         0.         0.         0.86589243 0.         0.07160907
 0.         0.         0.        ]
[0.         0.         0.         0.         0.         0.93750075
 0.         0.         0.        ]
