[0.         0.13920402 0.03302848 0.07408531 0.         0.23323516
 0.02518748 0.43276405 0.        ]
[0.         0.61603189 0.05591723 0.08009079 0.         0.08775625
 0.09770758 0.         0.        ]
[0.         0.         0.64183394 0.1338797  0.         0.10182655
 0.0599628  0.         0.        ]
[0.         0.         0.         0.07022003 0.         0.0599936
 0.80728862 0.         0.        ]
[0.         0.         0.         0.70567396 0.         0.23182754
 0.         0.         0.        ]
[0.         0.         0.         0.         0.         0.93750075
 0.         0.         0.        ]
