[0.         0.24170744 0.06226016 0.07654252 0.         0.26341689
 0.07468461 0.21889288 0.        ]
[0.         0.10797949 0.05226123 0.         0.         0.47097642
 0.22225477 0.08403185 0.        ]
[0.         0.14684754 0.32162199 0.         0.         0.
 0.17608035 0.29295312 0.        ]
[0.         0.24826535 0.         0.         0.         0.
 0.56101819 0.12821872 0.        ]
[0.         0.13664281 0.         0.         0.         0.
 0.         0.80085869 0.        ]
[0.         0.93750075 0.         0.         0.         0.
 0.         0.         0.        ]
