[0.         0.20988565 0.09883744 0.04506287 0.         0.20646833
 0.05199189 0.32525832 0.        ]
[0.         0.         0.07773817 0.1126901  0.         0.03532241
 0.06466841 0.64708466 0.        ]
[0.         0.         0.08228393 0.1258336  0.         0.10206899
 0.62731648 0.         0.        ]
[0.         0.         0.71355169 0.08800148 0.         0.13594908
 0.         0.         0.        ]
[0.         0.         0.         0.12441862 0.         0.81308288
 0.         0.         0.        ]
[0.         0.         0.         0.93750075 0.         0.
 0.         0.         0.        ]
