[0.         0.31811795 0.08773053 0.038284   0.         0.24578549
 0.04271566 0.20487087 0.        ]
[0.         0.15509337 0.09834602 0.56920273 0.         0.
 0.07477403 0.0400876  0.        ]
[0.         0.06859769 0.1715529  0.         0.         0.
 0.63532846 0.06202396 0.        ]
[0.         0.09699897 0.8003093  0.         0.         0.
 0.         0.04019398 0.        ]
[0.         0.84661006 0.         0.         0.         0.
 0.         0.09089144 0.        ]
[0.         0.         0.         0.         0.         0.
 0.         0.93750075 0.        ]
