[0.         0.16413017 0.06952273 0.08792704 0.         0.21739014
 0.02809688 0.37043754 0.        ]
[0.         0.6239059  0.05819145 0.10885953 0.         0.09307692
 0.05346996 0.         0.        ]
[0.         0.         0.63044157 0.1049103  0.         0.11814635
 0.08400478 0.         0.        ]
[0.         0.         0.         0.07723142 0.         0.12591158
 0.73435925 0.         0.        ]
[0.        0.        0.        0.8737818 0.        0.0637197 0.
 0.        0.       ]
[0.         0.         0.         0.         0.         0.93750075
 0.         0.         0.        ]
