[0.         0.30257589 0.04424238 0.08561666 0.         0.20735508
 0.0713076  0.22640689 0.        ]
[0.         0.63536608 0.08630762 0.08478765 0.         0.05884335
 0.07219905 0.         0.        ]
[0.         0.         0.6959949  0.04637144 0.         0.08311105
 0.11202561 0.         0.        ]
[0.         0.         0.         0.08389936 0.         0.17606483
 0.67753806 0.         0.        ]
[0.         0.         0.         0.85428842 0.         0.08321308
 0.         0.         0.        ]
[0.         0.         0.         0.         0.         0.93750075
 0.         0.         0.        ]
