[0.         0.13908479 0.06126312 0.07410891 0.         0.31867363
 0.04103464 0.30333942 0.        ]
[0.         0.         0.16035526 0.11235191 0.         0.06286836
 0.04642624 0.55550198 0.        ]
[0.         0.         0.09901317 0.07324493 0.         0.18629955
 0.57894535 0.         0.        ]
[0.         0.         0.70055593 0.06438917 0.         0.17255715
 0.         0.         0.        ]
[0.         0.         0.         0.14755103 0.         0.78995047
 0.         0.         0.        ]
[0.         0.         0.         0.93750075 0.         0.
 0.         0.         0.        ]
