[0.         0.2292728  0.06581015 0.07252984 0.         0.18231348
 0.04105447 0.34652376 0.        ]
[0.         0.10903306 0.14762997 0.47446932 0.         0.
 0.08486996 0.12150143 0.        ]
[0.         0.15290138 0.0735112  0.         0.         0.
 0.64106178 0.07002865 0.        ]
[0.         0.15487045 0.68331592 0.         0.         0.
 0.         0.09931588 0.        ]
[0.        0.7727745 0.        0.        0.        0.        0.
 0.164727  0.       ]
[0.         0.         0.         0.         0.         0.
 0.         0.93750075 0.        ]
