[0.         0.16044491 0.11236738 0.08638223 0.         0.33334687
 0.04809845 0.19686467 0.        ]
[0.         0.07818723 0.06707577 0.61005672 0.         0.
 0.07057232 0.11161171 0.        ]
[0.         0.07807707 0.10433833 0.         0.         0.
 0.62648907 0.12859853 0.        ]
[0.         0.08357452 0.65165173 0.         0.         0.
 0.         0.20227599 0.        ]
[0.        0.7667044 0.        0.        0.        0.        0.
 0.1707971 0.       ]
[0.         0.         0.         0.         0.         0.
 0.         0.93750075 0.        ]
