[0.         0.20650053 0.04197217 0.08549424 0.         0.24641099
 0.06539542 0.29173116 0.        ]
[0.         0.05668149 0.1072484  0.62952025 0.         0.
 0.05966003 0.08439358 0.        ]
[0.         0.14437238 0.08805479 0.         0.         0.
 0.65996674 0.04510909 0.        ]
[0.         0.1377501  0.6882408  0.         0.         0.
 0.         0.11151136 0.        ]
[0.         0.74802748 0.         0.         0.         0.
 0.         0.18947402 0.        ]
[0.         0.         0.         0.         0.         0.
 0.         0.93750075 0.        ]
