[0.         0.22341138 0.04832317 0.09629515 0.         0.33326556
 0.0422757  0.19393354 0.        ]
[0.         0.04521077 0.15239449 0.60455789 0.         0.
 0.04595348 0.08938713 0.        ]
[0.         0.10367199 0.05484616 0.         0.         0.
 0.68334206 0.09564278 0.        ]
[0.         0.17062954 0.69031772 0.         0.         0.
 0.         0.07655499 0.        ]
[0.         0.86936664 0.         0.         0.         0.
 0.         0.06813486 0.        ]
[0.         0.         0.         0.         0.         0.
 0.         0.93750075 0.        ]
