[0.         0.16335252 0.1109656  0.05529176 0.         0.29719025
 0.04729178 0.26341259 0.        ]
[0.         0.08067874 0.18847526 0.5355506  0.         0.
 0.05800517 0.07479399 0.        ]
[0.         0.0869415  0.1124194  0.         0.         0.
 0.61496734 0.12317477 0.        ]
[0.         0.06336763 0.7990128  0.         0.         0.
 0.         0.07512182 0.        ]
[0.         0.85106255 0.         0.         0.         0.
 0.         0.08643895 0.        ]
[0.         0.         0.         0.         0.         0.
 0.         0.93750075 0.        ]
