[0.         0.13931072 0.05934761 0.05172147 0.         0.40961001
 0.11756541 0.15994928 0.        ]
[0.         0.08439797 0.08180562 0.59914212 0.         0.
 0.03854857 0.13360947 0.        ]
[0.         0.11798445 0.05605936 0.         0.         0.
 0.7166222  0.04683699 0.        ]
[0.         0.04844888 0.77594442 0.         0.         0.
 0.         0.11310895 0.        ]
[0.         0.70992761 0.         0.         0.         0.
 0.         0.22757389 0.        ]
[0.         0.         0.         0.         0.         0.
 0.         0.93750075 0.        ]
