[0.         0.2131276  0.04958518 0.06981548 0.         0.27240226
 0.03636663 0.29620734 0.        ]
[0.         0.10067857 0.06988569 0.5576967  0.         0.
 0.1455923  0.06365049 0.        ]
[0.         0.09930985 0.05550339 0.         0.         0.
 0.61191481 0.17077495 0.        ]
[0.         0.15821939 0.69634506 0.         0.         0.
 0.         0.0829378  0.        ]
[0.         0.72185725 0.         0.         0.         0.
 0.         0.21564425 0.        ]
[0.         0.         0.         0.         0.         0.
 0.         0.93750075 0.        ]
