[0.         0.1474416  0.06857276 0.17033285 0.         0.24108392
 0.04858583 0.26148754 0.        ]
[0.         0.11172698 0.07370571 0.61123353 0.         0.
 0.06900285 0.07183469 0.        ]
[0.         0.05316509 0.09917744 0.         0.         0.
 0.6092518  0.17590867 0.        ]
[0.         0.04266446 0.72154516 0.         0.         0.
 0.         0.17329263 0.        ]
[0.         0.71879228 0.         0.         0.         0.
 0.         0.21870922 0.        ]
[0.         0.         0.         0.         0.         0.
 0.         0.93750075 0.        ]
