[0.         0.21601076 0.0579379  0.03947349 0.         0.19743651
 0.09554148 0.33110435 0.        ]
[0.         0.60842728 0.06144431 0.12183783 0.         0.09667068
 0.04912365 0.         0.        ]
[0.         0.         0.77895606 0.03994319 0.         0.03824434
 0.08035941 0.         0.        ]
[0.         0.         0.         0.06986954 0.         0.22629418
 0.64133853 0.         0.        ]
[0.         0.         0.         0.75264326 0.         0.18485824
 0.         0.         0.        ]
[0.         0.         0.         0.         0.         0.93750075
 0.         0.         0.        ]
