[0.         0.31226185 0.05752765 0.07021202 0.         0.26882071
 0.02737685 0.20130543 0.        ]
[0.         0.         0.05493375 0.03819109 0.         0.10678444
 0.12133789 0.61625659 0.        ]
[0.         0.         0.07729415 0.0896885  0.         0.16285715
 0.6076632  0.         0.        ]
[0.         0.         0.6815894  0.08025141 0.         0.17566144
 0.         0.         0.        ]
[0.        0.        0.        0.1892507 0.        0.7482508 0.
 0.        0.       ]
[0.         0.         0.         0.93750075 0.         0.
 0.         0.         0.        ]
