[0.         0.17813631 0.08362281 0.107619   0.         0.21061312
 0.06221222 0.29530105 0.        ]
[0.         0.62606563 0.03754747 0.05836363 0.         0.17852239
 0.03700463 0.         0.        ]
[0.         0.         0.71281144 0.05159563 0.         0.11397978
 0.05911615 0.         0.        ]
[0.         0.         0.         0.09800513 0.         0.12144506
 0.71805205 0.         0.        ]
[0.         0.         0.         0.70197206 0.         0.23552944
 0.         0.         0.        ]
[0.         0.         0.         0.         0.         0.93750075
 0.         0.         0.        ]
