[0.         0.17423054 0.04056905 0.12646671 0.         0.36806627
 0.06610727 0.16206467 0.        ]
[0.         0.64057834 0.05334139 0.06835554 0.         0.07350658
 0.10172189 0.         0.        ]
[0.         0.         0.61804302 0.05812353 0.         0.04560512
 0.21573133 0.         0.        ]
[0.         0.         0.         0.09665441 0.         0.23927129
 0.60157655 0.         0.        ]
[0.         0.         0.         0.74169627 0.         0.19580523
 0.         0.         0.        ]
[0.         0.         0.         0.         0.         0.93750075
 0.         0.         0.        ]
