[0.         0.22964944 0.04443524 0.0796606  0.         0.32705783
 0.04729819 0.2094032  0.        ]
[0.         0.09494682 0.2070411  0.49090987 0.         0.
 0.06634892 0.07825704 0.        ]
[0.         0.11257344 0.12509902 0.         0.         0.
 0.6207571  0.07907345 0.        ]
[0.         0.20230868 0.68567593 0.         0.         0.
 0.         0.04951765 0.        ]
[0.         0.78915544 0.         0.         0.         0.
 0.         0.14834606 0.        ]
[0.         0.         0.         0.         0.         0.
 0.         0.93750075 0.        ]
