[0.         0.17021722 0.05657101 0.08624928 0.         0.19868834
 0.09496641 0.33081223 0.        ]
[0.         0.64163279 0.07654282 0.11861124 0.         0.06513409
 0.03558282 0.         0.        ]
[0.         0.         0.67810084 0.07587486 0.         0.10835079
 0.07517651 0.         0.        ]
[0.         0.         0.         0.16806415 0.         0.07978082
 0.68965728 0.         0.        ]
[0.         0.         0.         0.85817771 0.         0.07932379
 0.         0.         0.        ]
[0.         0.         0.         0.         0.         0.93750075
 0.         0.         0.        ]
