[0.         0.28392667 0.06284159 0.03835776 0.         0.25467646
 0.05407703 0.24362499 0.        ]
[0.         0.68380391 0.05839374 0.04484448 0.         0.08749042
 0.0629712  0.         0.        ]
[0.         0.         0.6787463  0.08854134 0.         0.04950424
 0.12071112 0.         0.        ]
[0.         0.         0.         0.11228585 0.         0.15877244
 0.66644396 0.         0.        ]
[0.         0.         0.         0.70717262 0.         0.23032888
 0.         0.         0.        ]
[0.         0.         0.         0.         0.         0.93750075
 0.         0.         0.        ]
