[0.         0.14687549 0.04513668 0.15857586 0.         0.35600552
 0.03523486 0.19567609 0.        ]
[0.         0.07856029 0.07983878 0.58232592 0.         0.
 0.04981273 0.14696604 0.        ]
[0.         0.15522085 0.06567963 0.         0.         0.
 0.64706638 0.06953614 0.        ]
[0.         0.07714334 0.6626504  0.         0.         0.
 0.         0.19770851 0.        ]
[0.         0.79177238 0.         0.         0.         0.
 0.         0.14572912 0.        ]
[0.         0.         0.         0.         0.         0.
 0.         0.93750075 0.        ]
