[0.         0.09972103 0.08652595 0.04338365 0.         0.49086317
 0.04369381 0.1733169  0.        ]
[0.         0.0494703  0.06693464 0.57652001 0.         0.
 0.0679377  0.1766411  0.        ]
[0.         0.04727817 0.12399241 0.         0.         0.
 0.64599812 0.12023431 0.        ]
[0.         0.15022858 0.67405018 0.         0.         0.
 0.         0.11322349 0.        ]
[0.         0.74153524 0.         0.         0.         0.
 0.         0.19596626 0.        ]
[0.         0.         0.         0.         0.         0.
 0.         0.93750075 0.        ]
