[0.         0.1733938  0.05554081 0.08100311 0.         0.22967321
 0.06139164 0.33650192 0.        ]
[0.         0.         0.12670747 0.05132223 0.         0.04256756
 0.09799315 0.61891334 0.        ]
[0.         0.         0.11755043 0.07516111 0.         0.0848342
 0.65995726 0.         0.        ]
[0.         0.         0.67465117 0.04448019 0.         0.21837089
 0.         0.         0.        ]
[0.         0.         0.         0.10952213 0.         0.82797937
 0.         0.         0.        ]
[0.         0.         0.         0.93750075 0.         0.
 0.         0.         0.        ]
