[0.         0.21558227 0.07218762 0.08030731 0.         0.22202845
 0.06625121 0.28114764 0.        ]
[0.         0.12666355 0.15179103 0.52042583 0.         0.
 0.09230882 0.04631452 0.        ]
[0.         0.12292254 0.06314795 0.         0.         0.
 0.64865046 0.10278204 0.        ]
[0.         0.21563111 0.66802075 0.         0.         0.
 0.         0.05385039 0.        ]
[0.         0.86915188 0.         0.         0.         0.
 0.         0.06834962 0.        ]
[0.         0.         0.         0.         0.         0.
 0.         0.93750075 0.        ]
