[0.         0.12539181 0.03192251 0.05269452 0.         0.39349561
 0.15087939 0.18312065 0.        ]
[0.         0.05243541 0.11595683 0.59197755 0.         0.
 0.13553141 0.04160254 0.        ]
[0.         0.06221526 0.11715082 0.         0.         0.
 0.61530323 0.14283368 0.        ]
[0.         0.12481016 0.71964268 0.         0.         0.
 0.         0.09304941 0.        ]
[0.         0.71401298 0.         0.         0.         0.
 0.         0.22348852 0.        ]
[0.         0.         0.         0.         0.         0.
 0.         0.93750075 0.        ]
