[0.         0.16510473 0.11343667 0.07902633 0.         0.21391605
 0.05342694 0.31259378 0.        ]
[0.         0.69991072 0.06243448 0.02813923 0.         0.04459239
 0.10242694 0.         0.        ]
[0.         0.         0.70620234 0.03190695 0.         0.13841695
 0.06097677 0.         0.        ]
[0.         0.         0.         0.19409105 0.         0.07508232
 0.66832888 0.         0.        ]
[0.         0.         0.         0.78892154 0.         0.14857996
 0.         0.         0.        ]
[0.         0.         0.         0.         0.         0.93750075
 0.         0.         0.        ]
