[0.         0.26740259 0.08499168 0.10326083 0.         0.23104081
 0.03654631 0.21426229 0.        ]
[0.         0.         0.14828776 0.07458539 0.         0.07349456
 0.03535835 0.60577768 0.        ]
[0.         0.         0.07590221 0.11985519 0.         0.18126166
 0.56048394 0.         0.        ]
[0.         0.         0.66179616 0.20538264 0.         0.07032344
 0.         0.         0.        ]
[0.         0.         0.         0.16971775 0.         0.76778375
 0.         0.         0.        ]
[0.         0.         0.         0.93750075 0.         0.
 0.         0.         0.        ]
