[0.         0.1179271  0.10532043 0.05432999 0.         0.44433755
 0.05978616 0.15580328 0.        ]
[0.         0.0585276  0.09060687 0.61686096 0.         0.
 0.09120438 0.08030394 0.        ]
[0.         0.10743508 0.08546726 0.         0.         0.
 0.61770205 0.12689861 0.        ]
[0.         0.17586108 0.67057786 0.         0.         0.
 0.         0.0910633  0.        ]
[0.         0.82384577 0.         0.         0.         0.
 0.         0.11365573 0.        ]
[0.         0.         0.         0.         0.         0.
 0.         0.93750075 0.        ]
