[0.         0.11615775 0.03977138 0.16610853 0.         0.2787975
 0.06992593 0.26674341 0.        ]
[0.         0.61066168 0.04075733 0.07792928 0.         0.06232642
 0.14582905 0.         0.        ]
[0.         0.         0.67026143 0.15341139 0.         0.03155373
 0.08227646 0.         0.        ]
[0.         0.         0.         0.12642437 0.         0.14258643
 0.66849145 0.         0.        ]
[0.         0.         0.         0.67452277 0.         0.26297873
 0.         0.         0.        ]
[0.         0.         0.         0.         0.         0.93750075
 0.         0.         0.        ]
