[0.         0.32792904 0.07466799 0.0994396  0.         0.19532678
 0.05654318 0.18359791 0.        ]
[0.         0.15158648 0.09687631 0.57206867 0.         0.
 0.06842543 0.04854686 0.        ]
[0.         0.08120968 0.13872742 0.         0.         0.
 0.58968959 0.12787632 0.        ]
[0.         0.11931041 0.72472576 0.         0.         0.
 0.         0.09346608 0.        ]
[0.         0.79105514 0.         0.         0.         0.
 0.         0.14644636 0.        ]
[0.         0.         0.         0.         0.         0.
 0.         0.93750075 0.        ]
