[0.         0.22910707 0.06914075 0.09005534 0.         0.24046646
 0.03431432 0.27442056 0.        ]
[0.         0.         0.11215309 0.09848339 0.         0.13775495
 0.09671716 0.49239516 0.        ]
[0.         0.         0.1964677  0.07334687 0.         0.10665208
 0.56103636 0.         0.        ]
[0.         0.         0.70068003 0.17646593 0.         0.0603563
 0.         0.         0.        ]
[0.         0.         0.         0.20190012 0.         0.73560138
 0.         0.         0.        ]
[0.         0.         0.         0.93750075 0.         0.
 0.         0.         0.        ]
