[0.         0.24577175 0.07922954 0.0728393  0.         0.17317122
 0.04489947 0.32159321 0.        ]
[0.         0.6502721  0.11998261 0.05335821 0.         0.07906295
 0.03482788 0.         0.        ]
[0.         0.         0.75787426 0.07376033 0.         0.04468088
 0.06118753 0.         0.        ]
[0.         0.         0.         0.06526296 0.         0.21667639
 0.6555629  0.         0.        ]
[0.         0.         0.         0.80335513 0.         0.13414637
 0.         0.         0.        ]
[0.         0.         0.         0.         0.         0.93750075
 0.         0.         0.        ]
