[0.         0.1114577  0.06457649 0.04503649 0.         0.50736693
 0.0384732  0.17059368 0.        ]
[0.         0.05211272 0.05715189 0.59565652 0.         0.
 0.16218693 0.07039568 0.        ]
[0.         0.11658    0.11486643 0.         0.         0.
 0.63819073 0.06786585 0.        ]
[0.         0.11198157 0.68319938 0.         0.         0.
 0.         0.1423213  0.        ]
[0.         0.85056556 0.         0.         0.         0.
 0.         0.08693594 0.        ]
[0.         0.         0.         0.         0.         0.
 0.         0.93750075 0.        ]
