[0.         0.33125334 0.07924826 0.06798035 0.         0.21344047
 0.05509239 0.19048969 0.        ]
[0.         0.60855324 0.04960935 0.10827374 0.         0.13105207
 0.04001535 0.         0.        ]
[0.         0.         0.66149766 0.13599027 0.         0.05942987
 0.08058521 0.         0.        ]
[0.         0.         0.         0.18044795 0.         0.08062812
 0.67642618 0.         0.        ]
[0.         0.         0.         0.76284118 0.         0.17466032
 0.         0.         0.        ]
[0.         0.         0.         0.         0.         0.93750075
 0.         0.         0.        ]
