[0.         0.20523662 0.05313033 0.11799184 0.         0.20676353
 0.09496086 0.25942133 0.        ]
[0.         0.05294485 0.1482223  0.58170056 0.         0.
 0.06392534 0.0907107  0.        ]
[0.         0.08876064 0.1050464  0.         0.         0.
 0.68465383 0.05904214 0.        ]
[0.         0.09496902 0.71975849 0.         0.         0.
 0.         0.12277475 0.        ]
[0.        0.7212404 0.        0.        0.        0.        0.
 0.2162611 0.       ]
[0.         0.         0.         0.         0.         0.
 0.         0.93750075 0.        ]
