[0.         0.13547875 0.08246632 0.06210232 0.         0.23990138
 0.05531792 0.36223781 0.        ]
[0.         0.60158441 0.05035265 0.05616118 0.         0.09344006
 0.13596544 0.         0.        ]
[0.         0.         0.63391303 0.05340704 0.         0.18241091
 0.06777202 0.         0.        ]
[0.         0.         0.         0.05888904 0.         0.08064523
 0.79796798 0.         0.        ]
[0.         0.         0.         0.81334114 0.         0.12416036
 0.         0.         0.        ]
[0.         0.         0.         0.         0.         0.93750075
 0.         0.         0.        ]
