[0.         0.11371024 0.0587665  0.05971861 0.         0.21133487
 0.03776591 0.45620837 0.        ]
[0.         0.57662954 0.08017533 0.11899021 0.         0.07293719
 0.08877148 0.         0.        ]
[0.         0.         0.65353218 0.07544451 0.         0.16454112
 0.04398518 0.         0.        ]
[0.         0.         0.         0.14915563 0.         0.12003152
 0.6683151  0.         0.        ]
[0.         0.         0.         0.75021559 0.         0.18728591
 0.         0.         0.        ]
[0.         0.         0.         0.         0.         0.93750075
 0.         0.         0.        ]
