[0.         0.33151577 0.05662532 0.07073863 0.         0.21051099
 0.03728119 0.23083259 0.        ]
[0.         0.         0.12188767 0.05735235 0.         0.07882486
 0.09327087 0.586168   0.        ]
[0.         0.         0.06392602 0.06200868 0.         0.142731
 0.66883729 0.         0.        ]
[0.         0.         0.75125131 0.08466323 0.         0.10158771
 0.         0.         0.        ]
[0.         0.         0.         0.17742625 0.         0.76007525
 0.         0.         0.        ]
[0.         0.         0.         0.93750075 0.         0.
 0.         0.         0.        ]
