[0.         0.18915398 0.13745021 0.06466159 0.         0.19823563
 0.02956591 0.31843717 0.        ]
[0.         0.08728882 0.10641271 0.55142192 0.         0.
 0.09633134 0.09604895 0.        ]
[0.         0.14766696 0.11842826 0.         0.         0.
 0.51245383 0.15895396 0.        ]
[0.         0.09140814 0.70422866 0.         0.         0.
 0.         0.14186544 0.        ]
[0.        0.7030258 0.        0.        0.        0.        0.
 0.2344757 0.       ]
[0.         0.         0.         0.         0.         0.
 0.         0.93750075 0.        ]
