[0.         0.1948802  0.06027032 0.05905287 0.         0.34232167
 0.03995114 0.24102829 0.        ]
[0.         0.1263124  0.07898388 0.         0.         0.54941049
 0.10920553 0.07359145 0.        ]
[0.         0.14532093 0.43503306 0.         0.         0.
 0.0675886  0.28956042 0.        ]
[0.         0.26454063 0.         0.         0.         0.
 0.61480357 0.05815805 0.        ]
[0.         0.14335174 0.         0.         0.         0.
 0.         0.79414976 0.        ]
[0.         0.93750075 0.         0.         0.         0.
 0.         0.         0.        ]
