[0.         0.22852405 0.04201023 0.07981893 0.         0.18089946
 0.05641344 0.3498384  0.        ]
[0.         0.65898409 0.08432307 0.09751266 0.         0.0539656
 0.04271833 0.         0.        ]
[0.         0.         0.7550575  0.08222466 0.         0.05120933
 0.04901151 0.         0.        ]
[0.         0.         0.         0.09006445 0.         0.10882756
 0.73861024 0.         0.        ]
[0.         0.         0.         0.87725066 0.         0.06025084
 0.         0.         0.        ]
[0.         0.         0.         0.         0.         0.93750075
 0.         0.         0.        ]
