[0.         0.30039551 0.04246029 0.05901851 0.         0.26425642
 0.09592946 0.17544431 0.        ]
[0.         0.         0.05818424 0.12150415 0.         0.03857405
 0.10902725 0.61021406 0.        ]
[0.         0.         0.16631231 0.11456463 0.         0.09503933
 0.56158673 0.         0.        ]
[0.         0.         0.78580048 0.07299936 0.         0.0787024
 0.         0.         0.        ]
[0.         0.         0.         0.10299658 0.         0.83450492
 0.         0.         0.        ]
[0.         0.         0.         0.93750075 0.         0.
 0.         0.         0.        ]
