[0.         0.16873113 0.07588569 0.12573177 0.         0.34298158
 0.03609546 0.18807888 0.        ]
[0.         0.08624269 0.08002505 0.59876722 0.         0.
 0.12235608 0.05011272 0.        ]
[0.         0.06749593 0.04850674 0.         0.         0.
 0.7702304  0.05126993 0.        ]
[0.         0.08311502 0.78641789 0.         0.         0.
 0.         0.06796934 0.        ]
[0.         0.88252645 0.         0.         0.         0.
 0.         0.05497505 0.        ]
[0.         0.         0.         0.         0.         0.
 0.         0.93750075 0.        ]
