[0.         0.26166611 0.04965014 0.03512059 0.         0.21485395
 0.16143926 0.21477444 0.        ]
[0.         0.10353589 0.146969   0.46904961 0.         0.
 0.14181199 0.07613727 0.        ]
[0.         0.10496718 0.11121876 0.         0.         0.
 0.58180312 0.13951393 0.        ]
[0.         0.09052429 0.78292723 0.         0.         0.
 0.         0.06405073 0.        ]
[0.         0.79875818 0.         0.         0.         0.
 0.         0.13874332 0.        ]
[0.         0.         0.         0.         0.         0.
 0.         0.93750075 0.        ]
