[0.         0.35178757 0.07671149 0.05302082 0.         0.21613559
 0.03174601 0.20810301 0.        ]
[0.         0.         0.05427636 0.07458978 0.         0.14716077
 0.04673034 0.61474649 0.        ]
[0.         0.         0.07472344 0.12787704 0.         0.10259024
 0.63231228 0.         0.        ]
[0.         0.         0.69190429 0.12640774 0.         0.11919022
 0.         0.         0.        ]
[0.         0.         0.         0.08254409 0.         0.85495741
 0.         0.         0.        ]
[0.         0.         0.         0.93750075 0.         0.
 0.         0.         0.        ]
