[0.         0.28037601 0.07591303 0.07016989 0.         0.26119214
 0.03094472 0.21890872 0.        ]
[0.         0.08940696 0.09423994 0.56058905 0.         0.
 0.14900419 0.04426361 0.        ]
[0.         0.10637995 0.1019072  0.         0.         0.
 0.56534632 0.16386953 0.        ]
[0.         0.06435048 0.74398248 0.         0.         0.
 0.         0.12916928 0.        ]
[0.         0.85957529 0.         0.         0.         0.
 0.         0.07792621 0.        ]
[0.         0.         0.         0.         0.         0.
 0.         0.93750075 0.        ]
