[0.         0.14986382 0.06094017 0.08533244 0.         0.22674474
 0.04246803 0.3721553  0.        ]
[0.         0.63780784 0.04510931 0.08210105 0.         0.11751927
 0.05496628 0.         0.        ]
[0.         0.         0.77434437 0.0733825  0.         0.04752299
 0.04225313 0.         0.        ]
[0.         0.         0.         0.13570393 0.         0.08942427
 0.71237405 0.         0.        ]
[0.         0.         0.         0.71188329 0.         0.22561821
 0.         0.         0.        ]
[0.         0.         0.         0.         0.         0.93750075
 0.         0.         0.        ]
