[0.         0.21201975 0.11364766 0.04824317 0.         0.28006358
 0.06006797 0.22346237 0.        ]
[0.         0.         0.0499387  0.04113167 0.         0.08331624
 0.0677992  0.69531794 0.        ]
[0.         0.         0.11039294 0.14855595 0.         0.13963688
 0.53891723 0.         0.        ]
[0.         0.         0.67761613 0.13307572 0.         0.12681039
 0.         0.         0.        ]
[0.         0.         0.         0.11523691 0.         0.82226459
 0.         0.         0.        ]
[0.         0.         0.         0.93750075 0.         0.
 0.         0.         0.        ]
