[0.         0.33211834 0.05664533 0.06326039 0.         0.13809988
 0.07475162 0.27262894 0.        ]
[0.         0.         0.10977191 0.0704357  0.         0.11299617
 0.0415056  0.60279437 0.        ]
[0.         0.         0.17241091 0.04818607 0.         0.16054673
 0.55635929 0.         0.        ]
[0.         0.         0.67036875 0.12274661 0.         0.14438689
 0.         0.         0.        ]
[0.         0.         0.         0.15709309 0.         0.78040841
 0.         0.         0.        ]
[0.         0.         0.         0.93750075 0.         0.
 0.         0.         0.        ]
