[0.         0.14258281 0.03893616 0.08580486 0.         0.21297648
 0.13184566 0.32535855 0.        ]
[0.         0.69908712 0.08776066 0.05303198 0.         0.05256187
 0.04506213 0.         0.        ]
[0.         0.         0.64439682 0.13192029 0.         0.06130529
 0.0998806  0.         0.        ]
[0.         0.         0.         0.08805206 0.         0.12913778
 0.72031242 0.         0.        ]
[0.         0.         0.         0.76568984 0.         0.17181166
 0.         0.         0.        ]
[0.         0.         0.         0.         0.         0.93750075
 0.         0.         0.        ]
