[0.         0.3275064  0.06235301 0.05314154 0.         0.13743299
 0.03402481 0.32304575 0.        ]
[0.         0.63153674 0.13308849 0.0454176  0.         0.04413868
 0.08332224 0.         0.        ]
[0.         0.         0.73338352 0.05268558 0.         0.08610612
 0.06532778 0.         0.        ]
[0.         0.         0.         0.07348759 0.         0.07341049
 0.79060416 0.         0.        ]
[0.         0.         0.         0.88507211 0.         0.05242939
 0.         0.         0.        ]
[0.         0.         0.         0.         0.         0.93750075
 0.         0.         0.        ]
