[0.         0.15725946 0.10527692 0.11708813 0.         0.28606986
 0.08056196 0.19124818 0.        ]
[0.         0.064837   0.08708296 0.54335396 0.         0.
 0.13095343 0.11127641 0.        ]
[0.         0.08467894 0.10008951 0.         0.         0.
 0.65823999 0.09449457 0.        ]
[0.         0.07583341 0.75025068 0.         0.         0.
 0.         0.11141816 0.        ]
[0.         0.83087831 0.         0.         0.         0.
 0.         0.10662319 0.        ]
[0.         0.         0.         0.         0.         0.
 0.         0.93750075 0.        ]
