[0.         0.20114585 0.08335263 0.04271753 0.         0.1707528
 0.1151571  0.32437858 0.        ]
[0.         0.10738308 0.12593443 0.54259535 0.         0.
 0.05532769 0.1062632  0.        ]
[0.         0.16734781 0.05095494 0.         0.         0.
 0.60639643 0.11280382 0.        ]
[0.         0.08206283 0.76131718 0.         0.         0.
 0.         0.09412223 0.        ]
[0.         0.79947847 0.         0.         0.         0.
 0.         0.13802303 0.        ]
[0.         0.         0.         0.         0.         0.
 0.         0.93750075 0.        ]
