[0.         0.3030878  0.04659982 0.08760966 0.         0.17092821
 0.03701669 0.29226232 0.        ]
[0.         0.         0.11355656 0.09813011 0.         0.05907657
 0.07651294 0.59022756 0.        ]
[0.         0.         0.11611785 0.12458086 0.         0.08574007
 0.61106422 0.         0.        ]
[0.         0.         0.79344976 0.08413493 0.         0.05991755
 0.         0.         0.        ]
[0.         0.         0.         0.17238226 0.         0.76511924
 0.         0.         0.        ]
[0.         0.         0.         0.93750075 0.         0.
 0.         0.         0.        ]
