[0.         0.21279297 0.05616818 0.06545179 0.         0.39277678
 0.03830858 0.1720062  0.        ]
[0.         0.0699745  0.09839082 0.65204102 0.         0.
 0.06239337 0.05470404 0.        ]
[0.         0.06811355 0.07657933 0.         0.         0.
 0.74039814 0.05241198 0.        ]
[0.         0.19433196 0.67203062 0.         0.         0.
 0.         0.07113967 0.        ]
[0.         0.78979308 0.         0.         0.         0.
 0.         0.14770842 0.        ]
[0.         0.         0.         0.         0.         0.
 0.         0.93750075 0.        ]
