[0.         0.15557607 0.04049019 0.07904356 0.         0.25132764
 0.04724157 0.36382546 0.        ]
[0.         0.60591804 0.07224586 0.12322797 0.         0.05171973
 0.08439215 0.         0.        ]
[0.         0.         0.65634508 0.08409114 0.         0.10441091
 0.09265587 0.         0.        ]
[0.         0.         0.         0.13381623 0.         0.07182989
 0.73185613 0.         0.        ]
[0.         0.         0.         0.72532906 0.         0.21217244
 0.         0.         0.        ]
[0.         0.         0.         0.         0.         0.93750075
 0.         0.         0.        ]
