[0.         0.1708954  0.04027371 0.0856947  0.         0.40736463
 0.05709458 0.17618148 0.        ]
[0.         0.16096397 0.08515059 0.59860132 0.         0.
 0.04973819 0.04304969 0.        ]
[0.         0.15364135 0.07963952 0.         0.         0.
 0.62175866 0.08246347 0.        ]
[0.         0.0407601  0.78181523 0.         0.         0.
 0.         0.11492693 0.        ]
[0.        0.7772626 0.        0.        0.        0.        0.
 0.1602389 0.       ]
[0.         0.         0.         0.         0.         0.
 0.         0.93750075 0.        ]
