[0.         0.12711935 0.09629328 0.12807828 0.         0.39175081
 0.04415491 0.15010787 0.        ]
[0.         0.17807647 0.04797869 0.58620777 0.         0.
 0.06797421 0.05726661 0.        ]
[0.         0.11825066 0.06273366 0.         0.         0.
 0.71176335 0.04475533 0.        ]
[0.         0.0932407  0.78080748 0.         0.         0.
 0.         0.06345407 0.        ]
[0.         0.73212793 0.         0.         0.         0.
 0.         0.20537357 0.        ]
[0.         0.         0.         0.         0.         0.
 0.         0.93750075 0.        ]
