[0.         0.16395091 0.04188817 0.12125111 0.         0.24614102
 0.03880583 0.32546746 0.        ]
[0.         0.         0.06450007 0.07270779 0.         0.08007747
 0.09146772 0.62875071 0.        ]
[0.         0.         0.09814764 0.09450197 0.         0.13206847
 0.61278492 0.         0.        ]
[0.         0.         0.64932248 0.22022137 0.         0.0679584
 0.         0.         0.        ]
[0.        0.        0.        0.2197408 0.        0.7177607 0.
 0.        0.       ]
[0.         0.         0.         0.93750075 0.         0.
 0.         0.         0.        ]
