[0.         0.2690973  0.05329722 0.05736568 0.         0.20250273
 0.04433155 0.31091002 0.        ]
[0.         0.59739679 0.06492801 0.16200677 0.         0.06392822
 0.04924396 0.         0.        ]
[0.         0.         0.6592182  0.12076062 0.         0.10411166
 0.05341252 0.         0.        ]
[0.         0.         0.         0.10998512 0.         0.1213197
 0.70619743 0.         0.        ]
[0.         0.         0.         0.77427543 0.         0.16322607
 0.         0.         0.        ]
[0.         0.         0.         0.         0.         0.93750075
 0.         0.         0.        ]
