[0.         0.16258816 0.08902393 0.08507417 0.         0.1817522
 0.04315907 0.37590697 0.        ]
[0.         0.72212205 0.07079634 0.02839944 0.         0.0435019
 0.07268402 0.         0.        ]
[0.         0.         0.66659206 0.0771229  0.         0.11439853
 0.07938951 0.         0.        ]
[0.         0.         0.         0.09237701 0.         0.07073186
 0.77439338 0.         0.        ]
[0.         0.         0.         0.86696588 0.         0.07053562
 0.         0.         0.        ]
[0.         0.         0.         0.         0.         0.93750075
 0.         0.         0.        ]
