[0.         0.29238103 0.03983253 0.10030212 0.         0.285241
 0.05387921 0.16586859 0.        ]
[0.         0.         0.1142482  0.08805314 0.         0.03506746
 0.07103986 0.62909509 0.        ]
[0.         0.         0.20268301 0.08214116 0.         0.08912481
 0.56355402 0.         0.        ]
[0.         0.         0.67654333 0.15707902 0.         0.10387989
 0.         0.         0.        ]
[0.         0.         0.         0.11504046 0.         0.82246104
 0.         0.         0.        ]
[0.         0.         0.         0.93750075 0.         0.
 0.         0.         0.        ]
