[0.         0.28881654 0.09306948 0.06318304 0.         0.28794497
 0.03041692 0.17407355 0.        ]
[0.         0.         0.0437719  0.07605566 0.         0.05714719
 0.1325379  0.6279911  0.        ]
[0.         0.         0.15405931 0.09325697 0.         0.13555857
 0.55462815 0.         0.        ]
[0.         0.         0.64977573 0.17490471 0.         0.11282181
 0.         0.         0.        ]
[0.         0.         0.         0.10444052 0.         0.83306098
 0.         0.         0.        ]
[0.         0.         0.         0.93750075 0.         0.
 0.         0.         0.        ]
