[0.         0.11286255 0.06040128 0.0556942  0.         0.32613468
 0.03341271 0.34899909 0.        ]
[0.         0.66638603 0.06802887 0.05641862 0.         0.06961788
 0.07705235 0.         0.        ]
[0.         0.         0.65199847 0.11947464 0.         0.05737305
 0.10865684 0.         0.        ]
[0.         0.         0.         0.21477101 0.         0.15409721
 0.56863402 0.         0.        ]
[0.         0.         0.         0.84020181 0.         0.09729969
 0.         0.         0.        ]
[0.         0.         0.         0.         0.         0.93750075
 0.         0.         0.        ]
