[0.         0.16762761 0.09860838 0.07046336 0.         0.37680272
 0.03224613 0.19175629 0.        ]
[0.         0.0596306  0.04886024 0.64540938 0.         0.
 0.11428284 0.0693207  0.        ]
[0.         0.04813717 0.16326244 0.         0.         0.
 0.66398335 0.06212003 0.        ]
[0.         0.05477957 0.67470559 0.         0.         0.
 0.         0.20801709 0.        ]
[0.         0.89204263 0.         0.         0.         0.
 0.         0.04545887 0.        ]
[0.         0.         0.         0.         0.         0.
 0.         0.93750075 0.        ]
