[0.         0.28114016 0.05736118 0.0526793  0.         0.27003801
 0.07388294 0.20240291 0.        ]
[0.         0.6027328  0.05025184 0.16345288 0.         0.05163405
 0.06943217 0.         0.        ]
[0.         0.         0.69300923 0.0734497  0.         0.04336207
 0.127682   0.         0.        ]
[0.         0.         0.         0.08448483 0.         0.10877167
 0.74424575 0.         0.        ]
[0.         0.         0.         0.84921835 0.         0.08828315
 0.         0.         0.        ]
[0.         0.         0.         0.         0.         0.93750075
 0.         0.         0.        ]
