[0.         0.1385613  0.06495493 0.15664193 0.         0.31585682
 0.04669707 0.21479244 0.        ]
[0.         0.06653064 0.08788899 0.59443627 0.         0.
 0.11551527 0.07313258 0.        ]
[0.         0.11217193 0.10312031 0.         0.         0.
 0.63965413 0.08255663 0.        ]
[0.         0.19066654 0.69298    0.         0.         0.
 0.         0.05385572 0.        ]
[0.         0.81402368 0.         0.         0.         0.
 0.         0.12347782 0.        ]
[0.         0.         0.         0.         0.         0.
 0.         0.93750075 0.        ]
