[0.         0.11330477 0.1290984  0.0515928  0.         0.3652819
 0.03715439 0.24107224 0.        ]
[0.         0.13104006 0.10413819 0.58555369 0.         0.
 0.05350038 0.06327143 0.        ]
[0.         0.08196705 0.06424938 0.         0.         0.
 0.63668009 0.15460648 0.        ]
[0.         0.13798718 0.66021349 0.         0.         0.
 0.         0.13930158 0.        ]
[0.         0.84518815 0.         0.         0.         0.
 0.         0.09231335 0.        ]
[0.         0.         0.         0.         0.         0.
 0.         0.93750075 0.        ]
