[0.         0.14755852 0.03528109 0.08884182 0.         0.19380453
 0.05531324 0.41670531 0.        ]
[0.         0.         0.1211061  0.14088163 0.         0.08952476
 0.05122502 0.53476625 0.        ]
[0.         0.         0.13560356 0.06857547 0.         0.09222581
 0.64109815 0.         0.        ]
[0.         0.         0.68341921 0.07444652 0.         0.17963651
 0.         0.         0.        ]
[0.         0.         0.         0.14066242 0.         0.79683908
 0.         0.         0.        ]
[0.         0.         0.         0.93750075 0.         0.
 0.         0.         0.        ]
