[0.         0.10207613 0.07172228 0.04625329 0.         0.27118784
 0.04628054 0.39998441 0.        ]
[0.         0.67008813 0.0726371  0.07566771 0.         0.04435103
 0.07475978 0.         0.        ]
[0.         0.         0.65854808 0.14102528 0.         0.08373637
 0.05419328 0.         0.        ]
[0.         0.         0.         0.11072478 0.         0.17319919
 0.65357829 0.         0.        ]
[0.         0.         0.         0.72783144 0.         0.20967006
 0.         0.         0.        ]
[0.         0.         0.         0.93750075 0.         0.
 0.         0.         0.        ]
