[0.         0.11726017 0.1716639  0.07274819 0.         0.25416556
 0.03219939 0.2894673  0.        ]
[0.         0.59595175 0.05674087 0.05104095 0.         0.11856576
 0.11520441 0.         0.        ]
[0.         0.         0.68343414 0.06287598 0.         0.06187816
 0.12931472 0.         0.        ]
[0.         0.         0.         0.11076267 0.         0.14723
 0.67950958 0.         0.        ]
[0.         0.         0.         0.79675749 0.         0.14074401
 0.         0.         0.        ]
[0.         0.         0.         0.93750075 0.         0.
 0.         0.         0.        ]
