[0.         0.2854153  0.05391777 0.09813475 0.         0.18427726
 0.03432804 0.28143138 0.        ]
[0.         0.64323806 0.1126095  0.04139824 0.         0.07577894
 0.06447901 0.         0.        ]
[0.         0.         0.64380543 0.09013707 0.         0.0705329
 0.13302761 0.         0.        ]
[0.         0.         0.         0.07076639 0.         0.21137828
 0.65535758 0.         0.        ]
[0.         0.         0.         0.79289128 0.         0.14461022
 0.         0.         0.        ]
[0.         0.         0.         0.93750075 0.         0.
 0.         0.         0.        ]
