[0.         0.32237039 0.05300163 0.09014705 0.         0.22402136
 0.06548489 0.18247917 0.        ]
[0.         0.11391097 0.13006777 0.6015077  0.         0.
 0.0451658  0.04685152 0.        ]
[0.         0.07291627 0.1163957  0.         0.         0.
 0.60081507 0.14737596 0.        ]
[0.         0.29298734 0.17182837 0.         0.         0.
 0.47268655 0.         0.        ]
[0.         0.         0.39903653 0.         0.         0.
 0.53846497 0.         0.        ]
[0.         0.         0.         0.         0.         0.
 0.93750075 0.         0.        ]
